 ---------------------------------------------------------------
 Surface and Strip Forces by surface

  Forces referred to Sref, Cref, Bref about Xref, Yref, Zref
 Standard axis orientation,  X fwd, Z down         

  Surface # 1     main_wing                               
     # Chordwise = 10   # Spanwise = 30     First strip =  1
     Surface area =    8.662745       Ave. chord =    1.689678
     CLsurf  =   0.19539     Clsurf  =  -0.03900
     CYsurf  =  -0.02432     Cmsurf  =  -0.07696
     CDsurf  =   0.00428     Cnsurf  =   0.00318
     CDisurf =   0.00428     CDvsurf =   0.00000

  Forces referred to Ssurf, Cave about hinge axis thru LE
     CLsurf  =   0.39043     CDsurf  =   0.00848
     Deflect =

 Strip Forces referred to Strip Area, Chord
    j      Yle    Chord     Area     c cl      ai      cl_norm  cl       cd       cdv    cm_c/4    cm_LE  C.P.x/c
     1   0.0034   2.1937   0.0299   1.1267   0.0199   0.5132   0.5132  -0.0215   0.0000  -0.1398  -0.2678    0.522
     2   0.0304   2.1884   0.0891   0.9219   0.0182   0.4216   0.4216   0.0087   0.0000  -0.1197  -0.2247    0.534
     3   0.0840   2.1777   0.1468   0.9067   0.0173   0.4167   0.4167   0.0103   0.0000  -0.1192  -0.2229    0.536
     4   0.1638   2.1619   0.2017   0.9033   0.0177   0.4182   0.4182   0.0104   0.0000  -0.1207  -0.2248    0.539
     5   0.2688   2.1410   0.2531   0.9024   0.0191   0.4218   0.4218   0.0099   0.0000  -0.1234  -0.2284    0.543
     6   0.3979   2.1154   0.3000   0.9060   0.0216   0.4287   0.4287   0.0129   0.0000  -0.1278  -0.2345    0.548
     7   0.5496   2.0852   0.3417   0.9073   0.0253   0.4355   0.4355   0.0137   0.0000  -0.1331  -0.2415    0.555
     8   0.7223   2.0509   0.3776   0.9054   0.0301   0.4418   0.4418   0.0122   0.0000  -0.1390  -0.2489    0.564
     9   0.9142   2.0128   0.4073   0.9055   0.0366   0.4503   0.4503   0.0139   0.0000  -0.1459  -0.2580    0.574
    10   1.1285   1.9703   0.4526   0.8902   0.0382   0.4522   0.4522   0.0128   0.0000  -0.1507  -0.2633    0.583
    11   1.3637   1.9236   0.4694   0.8704   0.0349   0.4529   0.4529   0.0124   0.0000  -0.1538  -0.2665    0.590
    12   1.6118   1.8743   0.4793   0.8413   0.0350   0.4492   0.4492   0.0110   0.0000  -0.1556  -0.2675    0.596
    13   1.8700   1.8230   0.4823   0.8041   0.0402   0.4414   0.4414   0.0107   0.0000  -0.1566  -0.2665    0.605
    14   2.1357   1.7703   0.4789   0.7651   0.0477   0.4325   0.4325   0.0094   0.0000  -0.1575  -0.2652    0.614
    15   2.4057   1.7167   0.4695   0.7228   0.0487   0.4214   0.4214   0.0083   0.0000  -0.1581  -0.2630    0.625
    16   2.6723   1.6637   0.4384   0.6809   0.0446   0.4095   0.4095   0.0067   0.0000  -0.1586  -0.2605    0.637
    17   2.9325   1.6120   0.4201   0.6365   0.0400   0.3951   0.3951   0.0067   0.0000  -0.1586  -0.2569    0.651
    18   3.1884   1.5612   0.3979   0.5942   0.0357   0.3808   0.3808   0.0056   0.0000  -0.1587  -0.2535    0.667
    19   3.4372   1.5118   0.3724   0.5511   0.0321   0.3647   0.3647   0.0045   0.0000  -0.1585  -0.2493    0.685
    20   3.6775   1.4641   0.3480   0.5087   0.0297   0.3477   0.3477   0.0043   0.0000  -0.1581  -0.2446    0.705
    21   3.9066   1.4186   0.3174   0.4669   0.0286   0.3293   0.3293   0.0044   0.0000  -0.1571  -0.2390    0.727
    22   4.1206   1.3761   0.2853   0.4262   0.0285   0.3099   0.3099   0.0040   0.0000  -0.1555  -0.2326    0.752
    23   4.3172   1.3370   0.2522   0.3870   0.0296   0.2896   0.2896   0.0033   0.0000  -0.1529  -0.2249    0.778
    24   4.4942   1.3019   0.2186   0.3475   0.0322   0.2670   0.2670   0.0030   0.0000  -0.1484  -0.2148    0.806
    25   4.6536   1.2702   0.1944   0.3091   0.0398   0.2435   0.2435   0.0034   0.0000  -0.1409  -0.2015    0.829
    26   4.7929   1.2426   0.1585   0.2668   0.0523   0.2149   0.2149   0.0047   0.0000  -0.1290  -0.1825    0.850
    27   4.9062   1.2201   0.1229   0.2197   0.0657   0.1803   0.1803   0.0051   0.0000  -0.1118  -0.1566    0.870
    28   4.9923   1.2030   0.0875   0.1651   0.0796   0.1374   0.1374   0.0051   0.0000  -0.0879  -0.1220    0.889
    29   5.0502   1.1915   0.0524   0.1033   0.0927   0.0868   0.0868   0.0045   0.0000  -0.0569  -0.0784    0.905
    30   5.0794   1.1857   0.0174   0.0354   0.1018   0.0299   0.0299   0.0019   0.0000  -0.0198  -0.0273    0.914

  Surface # 2     main_wing (YDUP)                        
     # Chordwise = 10   # Spanwise = 30     First strip = 31
     Surface area =    8.662745       Ave. chord =    1.689678
     CLsurf  =   0.19539     Clsurf  =   0.03900
     CYsurf  =   0.02432     Cmsurf  =  -0.07696
     CDsurf  =   0.00428     Cnsurf  =  -0.00318
     CDisurf =   0.00428     CDvsurf =   0.00000

  Forces referred to Ssurf, Cave about hinge axis thru LE
     CLsurf  =   0.39043     CDsurf  =   0.00848
     Deflect =

 Strip Forces referred to Strip Area, Chord
    j      Yle    Chord     Area     c cl      ai      cl_norm  cl       cd       cdv    cm_c/4    cm_LE  C.P.x/c
    31  -0.0034   2.1937   0.0299   1.1267   0.0198   0.5132   0.5132  -0.0215   0.0000  -0.1398   0.2678    0.522
    32  -0.0304   2.1884   0.0891   0.9219   0.0182   0.4216   0.4216   0.0087   0.0000  -0.1197   0.2247    0.534
    33  -0.0840   2.1777   0.1468   0.9067   0.0173   0.4167   0.4167   0.0103   0.0000  -0.1192   0.2229    0.536
    34  -0.1638   2.1619   0.2017   0.9033   0.0177   0.4182   0.4182   0.0104   0.0000  -0.1207   0.2248    0.539
    35  -0.2688   2.1410   0.2531   0.9024   0.0191   0.4218   0.4218   0.0099   0.0000  -0.1234   0.2284    0.543
    36  -0.3979   2.1154   0.3000   0.9060   0.0217   0.4287   0.4287   0.0129   0.0000  -0.1278   0.2345    0.548
    37  -0.5496   2.0852   0.3417   0.9073   0.0253   0.4355   0.4355   0.0137   0.0000  -0.1331   0.2415    0.555
    38  -0.7223   2.0509   0.3776   0.9054   0.0301   0.4418   0.4418   0.0122   0.0000  -0.1390   0.2489    0.564
    39  -0.9142   2.0128   0.4073   0.9055   0.0366   0.4503   0.4503   0.0139   0.0000  -0.1459   0.2580    0.574
    40  -1.1285   1.9703   0.4526   0.8902   0.0382   0.4522   0.4522   0.0128   0.0000  -0.1507   0.2633    0.583
    41  -1.3637   1.9236   0.4694   0.8704   0.0349   0.4529   0.4529   0.0124   0.0000  -0.1538   0.2665    0.590
    42  -1.6118   1.8743   0.4793   0.8413   0.0350   0.4492   0.4492   0.0110   0.0000  -0.1556   0.2675    0.596
    43  -1.8700   1.8230   0.4823   0.8041   0.0402   0.4414   0.4414   0.0107   0.0000  -0.1566   0.2665    0.605
    44  -2.1357   1.7703   0.4789   0.7651   0.0477   0.4325   0.4325   0.0094   0.0000  -0.1575   0.2652    0.614
    45  -2.4057   1.7167   0.4695   0.7228   0.0487   0.4214   0.4214   0.0083   0.0000  -0.1581   0.2630    0.625
    46  -2.6723   1.6637   0.4384   0.6809   0.0446   0.4095   0.4095   0.0067   0.0000  -0.1586   0.2605    0.637
    47  -2.9325   1.6120   0.4201   0.6365   0.0400   0.3951   0.3951   0.0067   0.0000  -0.1586   0.2569    0.651
    48  -3.1884   1.5612   0.3979   0.5942   0.0357   0.3808   0.3808   0.0056   0.0000  -0.1587   0.2535    0.667
    49  -3.4372   1.5118   0.3724   0.5511   0.0321   0.3647   0.3647   0.0045   0.0000  -0.1585   0.2493    0.685
    50  -3.6775   1.4641   0.3480   0.5087   0.0297   0.3477   0.3477   0.0043   0.0000  -0.1581   0.2446    0.705
    51  -3.9066   1.4186   0.3174   0.4669   0.0286   0.3293   0.3293   0.0044   0.0000  -0.1571   0.2390    0.727
    52  -4.1206   1.3761   0.2853   0.4262   0.0285   0.3099   0.3099   0.0040   0.0000  -0.1555   0.2326    0.752
    53  -4.3172   1.3370   0.2522   0.3870   0.0296   0.2896   0.2896   0.0033   0.0000  -0.1529   0.2249    0.778
    54  -4.4942   1.3019   0.2186   0.3475   0.0322   0.2670   0.2670   0.0030   0.0000  -0.1484   0.2148    0.806
    55  -4.6536   1.2702   0.1944   0.3091   0.0398   0.2435   0.2435   0.0034   0.0000  -0.1409   0.2015    0.829
    56  -4.7929   1.2426   0.1585   0.2668   0.0523   0.2149   0.2149   0.0047   0.0000  -0.1290   0.1825    0.850
    57  -4.9062   1.2201   0.1229   0.2197   0.0657   0.1803   0.1803   0.0051   0.0000  -0.1118   0.1566    0.870
    58  -4.9923   1.2030   0.0875   0.1651   0.0796   0.1374   0.1374   0.0051   0.0000  -0.0879   0.1220    0.889
    59  -5.0502   1.1915   0.0524   0.1033   0.0927   0.0868   0.0868   0.0045   0.0000  -0.0569   0.0784    0.905
    60  -5.0794   1.1857   0.0174   0.0354   0.1018   0.0299   0.0299   0.0019   0.0000  -0.0198   0.0273    0.914

  Surface # 3     horizontal_stabilizer                   
     # Chordwise = 10   # Spanwise = 30     First strip = 61
     Surface area =    2.000000       Ave. chord =    1.000000
     CLsurf  =  -0.02873     Clsurf  =   0.00243
     CYsurf  =   0.00004     Cmsurf  =   0.07696
     CDsurf  =  -0.00074     Cnsurf  =  -0.00013
     CDisurf =  -0.00074     CDvsurf =   0.00000

  Forces referred to Ssurf, Cave about hinge axis thru LE
     CLsurf  =  -0.24673     CDsurf  =  -0.00634
     Deflect =

 Strip Forces referred to Strip Area, Chord
    j      Yle    Chord     Area     c cl      ai      cl_norm  cl       cd       cdv    cm_c/4    cm_LE  C.P.x/c
    61   0.0016   1.1973   0.0076  -0.3076   0.0039  -0.2575  -0.2567   0.0149   0.0000  -0.0026   0.0613    0.240
    62   0.0142   1.1948   0.0226  -0.3076   0.0041  -0.2584  -0.2576  -0.0035   0.0000  -0.0027   0.0613    0.240
    63   0.0394   1.1898   0.0373  -0.3075   0.0044  -0.2594  -0.2586  -0.0049   0.0000  -0.0029   0.0614    0.239
    64   0.0768   1.1824   0.0513  -0.3072   0.0047  -0.2608  -0.2600  -0.0056   0.0000  -0.0031   0.0615    0.238
    65   0.1222   1.1734   0.0549  -0.3066   0.0066  -0.2623  -0.2615  -0.0058   0.0000  -0.0034   0.0615    0.237
    66   0.1738   1.1632   0.0653  -0.3057   0.0068  -0.2638  -0.2630  -0.0062   0.0000  -0.0037   0.0617    0.236
    67   0.2344   1.1513   0.0747  -0.3044   0.0070  -0.2655  -0.2646  -0.0065   0.0000  -0.0039   0.0618    0.235
    68   0.3034   1.1376   0.0830  -0.3034   0.0072  -0.2677  -0.2669  -0.0067   0.0000  -0.0042   0.0621    0.234
    69   0.3800   1.1225   0.0900  -0.3016   0.0073  -0.2697  -0.2689  -0.0068   0.0000  -0.0045   0.0623    0.233
    70   0.4634   1.1060   0.0957  -0.2993   0.0073  -0.2717  -0.2708  -0.0071   0.0000  -0.0047   0.0626    0.233
    71   0.5527   1.0884   0.1000  -0.2963   0.0074  -0.2733  -0.2725  -0.0071   0.0000  -0.0049   0.0628    0.232
    72   0.6469   1.0697   0.1030  -0.2925   0.0073  -0.2746  -0.2737  -0.0074   0.0000  -0.0052   0.0629    0.231
    73   0.7450   1.0504   0.1046  -0.2879   0.0072  -0.2752  -0.2743  -0.0077   0.0000  -0.0054   0.0628    0.230
    74   0.8459   1.0304   0.1050  -0.2823   0.0070  -0.2750  -0.2742  -0.0079   0.0000  -0.0056   0.0625    0.229
    75   0.9484   1.0102   0.1040  -0.2755   0.0066  -0.2739  -0.2730  -0.0078   0.0000  -0.0059   0.0619    0.228
    76   1.0516   0.9898   0.1019  -0.2676   0.0061  -0.2714  -0.2706  -0.0076   0.0000  -0.0062   0.0610    0.227
    77   1.1541   0.9696   0.0987  -0.2583   0.0054  -0.2675  -0.2667  -0.0076   0.0000  -0.0065   0.0597    0.225
    78   1.2550   0.9496   0.0946  -0.2478   0.0045  -0.2620  -0.2611  -0.0072   0.0000  -0.0069   0.0580    0.223
    79   1.3531   0.9303   0.0896  -0.2358   0.0034  -0.2545  -0.2537  -0.0070   0.0000  -0.0073   0.0557    0.221
    80   1.4473   0.9116   0.0838  -0.2224   0.0022  -0.2450  -0.2442  -0.0066   0.0000  -0.0078   0.0529    0.218
    81   1.5366   0.8940   0.0773  -0.2077   0.0008  -0.2332  -0.2325  -0.0062   0.0000  -0.0083   0.0495    0.214
    82   1.6200   0.8775   0.0703  -0.1915  -0.0007  -0.2191  -0.2184  -0.0057   0.0000  -0.0087   0.0456    0.210
    83   1.6966   0.8624   0.0629  -0.1740  -0.0022  -0.2026  -0.2020  -0.0051   0.0000  -0.0091   0.0411    0.205
    84   1.7656   0.8487   0.0551  -0.1553  -0.0036  -0.1837  -0.1831  -0.0045   0.0000  -0.0093   0.0362    0.199
    85   1.8262   0.8368   0.0470  -0.1354  -0.0051  -0.1625  -0.1620  -0.0038   0.0000  -0.0093   0.0310    0.193
    86   1.8778   0.8266   0.0387  -0.1146  -0.0064  -0.1392  -0.1387  -0.0031   0.0000  -0.0089   0.0256    0.186
    87   1.9232   0.8176   0.0355  -0.0921  -0.0092  -0.1130  -0.1127  -0.0022   0.0000  -0.0079   0.0201    0.180
    88   1.9606   0.8102   0.0254  -0.0668  -0.0103  -0.0828  -0.0825  -0.0015   0.0000  -0.0064   0.0142    0.173
    89   1.9858   0.8052   0.0153  -0.0405  -0.0112  -0.0505  -0.0503  -0.0007   0.0000  -0.0042   0.0084    0.167
    90   1.9984   0.8027   0.0051  -0.0136  -0.0116  -0.0170  -0.0169  -0.0003   0.0000  -0.0015   0.0028    0.164

  Surface # 4     horizontal_stabilizer (YDUP)            
     # Chordwise = 10   # Spanwise = 30     First strip = 91
     Surface area =    2.000000       Ave. chord =    1.000000
     CLsurf  =  -0.02873     Clsurf  =  -0.00243
     CYsurf  =  -0.00004     Cmsurf  =   0.07696
     CDsurf  =  -0.00074     Cnsurf  =   0.00013
     CDisurf =  -0.00074     CDvsurf =   0.00000

  Forces referred to Ssurf, Cave about hinge axis thru LE
     CLsurf  =  -0.24673     CDsurf  =  -0.00634
     Deflect =

 Strip Forces referred to Strip Area, Chord
    j      Yle    Chord     Area     c cl      ai      cl_norm  cl       cd       cdv    cm_c/4    cm_LE  C.P.x/c
    91  -0.0016   1.1973   0.0076  -0.3076   0.0039  -0.2575  -0.2567   0.0149   0.0000  -0.0026  -0.0613    0.240
    92  -0.0142   1.1948   0.0226  -0.3076   0.0041  -0.2584  -0.2576  -0.0035   0.0000  -0.0027  -0.0613    0.240
    93  -0.0394   1.1898   0.0373  -0.3075   0.0044  -0.2594  -0.2586  -0.0049   0.0000  -0.0029  -0.0614    0.239
    94  -0.0768   1.1824   0.0513  -0.3072   0.0047  -0.2608  -0.2600  -0.0056   0.0000  -0.0031  -0.0615    0.238
    95  -0.1222   1.1734   0.0549  -0.3066   0.0066  -0.2623  -0.2615  -0.0058   0.0000  -0.0034  -0.0615    0.237
    96  -0.1738   1.1632   0.0653  -0.3057   0.0068  -0.2638  -0.2630  -0.0062   0.0000  -0.0037  -0.0617    0.236
    97  -0.2344   1.1513   0.0747  -0.3044   0.0070  -0.2655  -0.2646  -0.0065   0.0000  -0.0039  -0.0618    0.235
    98  -0.3034   1.1376   0.0830  -0.3034   0.0072  -0.2677  -0.2669  -0.0067   0.0000  -0.0042  -0.0621    0.234
    99  -0.3800   1.1225   0.0900  -0.3016   0.0073  -0.2697  -0.2689  -0.0068   0.0000  -0.0045  -0.0623    0.233
   100  -0.4634   1.1060   0.0957  -0.2993   0.0073  -0.2717  -0.2708  -0.0071   0.0000  -0.0047  -0.0626    0.233
   101  -0.5527   1.0884   0.1000  -0.2963   0.0074  -0.2733  -0.2725  -0.0071   0.0000  -0.0049  -0.0628    0.232
   102  -0.6469   1.0697   0.1030  -0.2925   0.0073  -0.2746  -0.2737  -0.0074   0.0000  -0.0052  -0.0629    0.231
   103  -0.7450   1.0504   0.1046  -0.2879   0.0072  -0.2752  -0.2743  -0.0077   0.0000  -0.0054  -0.0628    0.230
   104  -0.8459   1.0304   0.1050  -0.2823   0.0070  -0.2750  -0.2742  -0.0079   0.0000  -0.0056  -0.0625    0.229
   105  -0.9484   1.0102   0.1040  -0.2755   0.0066  -0.2739  -0.2730  -0.0078   0.0000  -0.0059  -0.0619    0.228
   106  -1.0516   0.9898   0.1019  -0.2676   0.0061  -0.2714  -0.2706  -0.0076   0.0000  -0.0062  -0.0610    0.227
   107  -1.1541   0.9696   0.0987  -0.2583   0.0054  -0.2675  -0.2667  -0.0076   0.0000  -0.0065  -0.0597    0.225
   108  -1.2550   0.9496   0.0946  -0.2478   0.0045  -0.2620  -0.2611  -0.0072   0.0000  -0.0069  -0.0580    0.223
   109  -1.3531   0.9303   0.0896  -0.2358   0.0034  -0.2545  -0.2537  -0.0070   0.0000  -0.0073  -0.0557    0.221
   110  -1.4473   0.9116   0.0838  -0.2224   0.0022  -0.2450  -0.2442  -0.0066   0.0000  -0.0078  -0.0529    0.218
   111  -1.5366   0.8940   0.0773  -0.2077   0.0008  -0.2332  -0.2325  -0.0062   0.0000  -0.0083  -0.0495    0.214
   112  -1.6200   0.8775   0.0703  -0.1915  -0.0007  -0.2191  -0.2184  -0.0057   0.0000  -0.0087  -0.0456    0.210
   113  -1.6966   0.8624   0.0629  -0.1740  -0.0022  -0.2026  -0.2020  -0.0051   0.0000  -0.0091  -0.0411    0.205
   114  -1.7656   0.8487   0.0551  -0.1553  -0.0036  -0.1837  -0.1831  -0.0045   0.0000  -0.0093  -0.0362    0.199
   115  -1.8262   0.8368   0.0470  -0.1354  -0.0051  -0.1625  -0.1620  -0.0038   0.0000  -0.0093  -0.0310    0.193
   116  -1.8778   0.8266   0.0387  -0.1146  -0.0064  -0.1392  -0.1387  -0.0031   0.0000  -0.0089  -0.0256    0.186
   117  -1.9232   0.8176   0.0355  -0.0921  -0.0092  -0.1130  -0.1127  -0.0022   0.0000  -0.0079  -0.0201    0.180
   118  -1.9606   0.8102   0.0254  -0.0668  -0.0103  -0.0828  -0.0825  -0.0015   0.0000  -0.0064  -0.0142    0.173
   119  -1.9858   0.8052   0.0153  -0.0405  -0.0112  -0.0505  -0.0503  -0.0007   0.0000  -0.0042  -0.0084    0.167
   120  -1.9984   0.8027   0.0051  -0.0136  -0.0116  -0.0170  -0.0169  -0.0003   0.0000  -0.0015  -0.0028    0.164

  Surface # 5     vertical_stabilizer                     
     # Chordwise = 10   # Spanwise = 30     First strip =121
     Surface area =    1.336749       Ave. chord =    0.902233
     CLsurf  =   0.00000     Clsurf  =  -0.00000
     CYsurf  =  -0.00000     Cmsurf  =  -0.00000
     CDsurf  =  -0.00000     Cnsurf  =   0.00000
     CDisurf =  -0.00000     CDvsurf =   0.00000

  Forces referred to Ssurf, Cave about hinge axis thru LE
     CLsurf  =   0.00000     CDsurf  =  -0.00000
     Deflect =

 Strip Forces referred to Strip Area, Chord
    j      Yle    Chord     Area     c cl      ai      cl_norm  cl       cd       cdv    cm_c/4    cm_LE  C.P.x/c
   121   0.0000   1.2152   0.0161   0.0000  -0.0000   0.0000   0.0000   0.0000   0.0000   0.0000   0.0000   -0.047
   122   0.0000   1.2078   0.0261   0.0000  -0.0000   0.0000   0.0000  -0.0000   0.0000   0.0000   0.0000   -0.094
   123   0.0000   1.1968   0.0358   0.0000  -0.0000   0.0000   0.0000   0.0000   0.0000   0.0000   0.0000   -0.122
   124   0.0000   1.1824   0.0448   0.0000  -0.0000   0.0000   0.0000  -0.0000   0.0000   0.0000   0.0000   -0.151
   125   0.0000   1.1646   0.0530   0.0000  -0.0000   0.0000   0.0000   0.0000   0.0000   0.0000   0.0000   -0.180
   126   0.0000   1.1454   0.0506   0.0000  -0.0000   0.0000   0.0000   0.0000   0.0000   0.0000   0.0000   -0.303
   127   0.0000   1.1254   0.0560   0.0000  -0.0000   0.0000   0.0000  -0.0000   0.0000   0.0000   0.0000   -0.452
   128   0.0000   1.1031   0.0606   0.0000  -0.0000   0.0000   0.0000  -0.0000   0.0000   0.0000   0.0000   -0.497
   129   0.0000   1.0787   0.0642   0.0000  -0.0000   0.0000   0.0000  -0.0000   0.0000   0.0000   0.0000   -0.651
   130   0.0000   1.0525   0.0669   0.0000  -0.0000   0.0000   0.0000  -0.0000   0.0000   0.0000   0.0000   -0.497
   131   0.0000   1.0247   0.0685   0.0000  -0.0000   0.0000   0.0000  -0.0000   0.0000   0.0000   0.0000   -0.590
   132   0.0000   0.9956   0.0692   0.0000  -0.0000   0.0000   0.0000  -0.0000   0.0000   0.0000   0.0000   -0.661
   133   0.0000   0.9655   0.0690   0.0000  -0.0000   0.0000   0.0000  -0.0000   0.0000   0.0000   0.0000   -0.726
   134   0.0000   0.9348   0.0680   0.0000  -0.0000   0.0000   0.0000   0.0000   0.0000   0.0000   0.0000   -0.806
   135   0.0000   0.9037   0.0662   0.0000  -0.0000   0.0000   0.0000   0.0000   0.0000   0.0000   0.0000   -0.975
   136   0.0000   0.8726   0.0636   0.0000  -0.0000   0.0000   0.0000  -0.0000   0.0000   0.0000   0.0000
   137   0.0000   0.8417   0.0605   0.0000  -0.0000   0.0000   0.0000  -0.0000   0.0000   0.0000   0.0000
   138   0.0000   0.8114   0.0569   0.0000  -0.0000   0.0000   0.0000   0.0000   0.0000   0.0000   0.0000
   139   0.0000   0.7821   0.0529   0.0000  -0.0000   0.0000   0.0000  -0.0000   0.0000   0.0000   0.0000
   140   0.0000   0.7540   0.0485   0.0000  -0.0000   0.0000   0.0000   0.0000   0.0000   0.0000   0.0000
   141   0.0000   0.7274   0.0440  -0.0000  -0.0000  -0.0000  -0.0000   0.0000   0.0000   0.0000   0.0000
   142   0.0000   0.7025   0.0393  -0.0000  -0.0000  -0.0000  -0.0000   0.0000   0.0000   0.0000   0.0000
   143   0.0000   0.6798   0.0346  -0.0000  -0.0000  -0.0000  -0.0000  -0.0000   0.0000   0.0000   0.0000
   144   0.0000   0.6593   0.0298   0.0000  -0.0000   0.0000   0.0000   0.0000   0.0000   0.0000   0.0000
   145   0.0000   0.6402   0.0283   0.0000   0.0000   0.0000   0.0000  -0.0000   0.0000   0.0000   0.0000   -0.759
   146   0.0000   0.6229   0.0230   0.0000   0.0000   0.0000   0.0000   0.0000   0.0000   0.0000   0.0000   -0.416
   147   0.0000   0.6088   0.0177   0.0000  -0.0000   0.0000   0.0000   0.0000   0.0000   0.0000   0.0000   -0.342
   148   0.0000   0.5981   0.0126   0.0000   0.0000   0.0000   0.0000  -0.0000   0.0000   0.0000   0.0000   -0.228
   149   0.0000   0.5910   0.0075   0.0000   0.0000   0.0000   0.0000  -0.0000   0.0000   0.0000   0.0000   -0.101
   150   0.0000   0.5874   0.0025   0.0000   0.0000   0.0000   0.0000  -0.0000   0.0000   0.0000   0.0000   -0.132
 ---------------------------------------------------------------
