main_wing_airfoil_XSec_0.txt
0.9995184933962504 0.0310287182927299
0.9801286242287188 0.0324429803345234
0.9521874453438597 0.0344029557058152
0.9129303909565891 0.0380782738283487
0.8594236395975555 0.0446406341671199
0.7893595595656009 0.0549992406861989
0.7020490674493427 0.0681511618043012
0.5996763433562301 0.0806554312000029
0.4882805755599430 0.0897460224508491
0.3767003412708710 0.0955029789624837
0.2737179847690375 0.0977394451364624
0.1857359046453873 0.0935334440341820
0.1165639804389105 0.0788470368476895
0.0677422642091854 0.0551590452955276
0.0343570951457923 0.0329941195115333
0.0114059898729274 0.0160038336858231
0.0000000000000000 0.0000000000000000
0.0000000000000000 0.0000000000000000
0.0136418786670413 -0.0130323808786882
0.0404278659154110 -0.0198851722730785
0.0790375731558564 -0.0241564061453402
0.1320056233542868 -0.0272044140899932
0.2016253290291354 -0.0294791147406752
0.2884342368425362 -0.0311933395549125
0.3899001999799060 -0.0326018179017999
0.4999297323590695 -0.0339180766324667
0.6099609999752987 -0.0344147817891371
0.7113670817771414 -0.0313926003963329
0.7976478965740860 -0.0217873443113918
0.8659535816230914 -0.0076605897682896
0.9173687411863849 0.0059916505564699
0.9547604175938074 0.0169211377943837
0.9812535185147779 0.0249814488790160
0.9995184933962504 0.0310287182927299
