/Users/matthewclarke/Documents/LEADS/RESEARCH/Aircraft/AACES/Jet_Zero_Demonstrator/main_wing_airfoil_XSec_6.dat
0.9995874780884811 0.0266419292545000
0.9806921464997115 0.0292444201324396
0.9531658006252469 0.0317896199343201
0.9143990078144535 0.0350151624496109
0.8614016751060447 0.0391720239804851
0.7918248064204330 0.0448506415180978
0.7051065200108406 0.0521158078389140
0.6036529780075263 0.0592307793564438
0.4934671098938465 0.0636484757157273
0.3831985122555593 0.0634014395540971
0.2815946217227346 0.0592270856965051
0.1948511837349320 0.0524466198549497
0.1255320549394349 0.0442582671882301
0.0731003444717470 0.0354933101456434
0.0352923378381685 0.0263379903468444
0.0098569744341861 0.0156165059426735
0.0000000000000000 0.0000000000000000
0.0000000000000000 0.0000000000000000
0.0103454977157201 -0.0154565042163066
0.0357324720571710 -0.0262744093262117
0.0739248388765496 -0.0335758879536237
0.1269098053084174 -0.0377820821091618
0.1966981466166078 -0.0391092435106519
0.2836988200309890 -0.0375456790307691
0.3852982153186469 -0.0329898046805664
0.4952730448432742 -0.0247581486726841
0.6048070393539893 -0.0118770832055144
0.7054118020824582 0.0031340058644590
0.7914900398007404 0.0159663146182841
0.8609246189529325 0.0231138378932679
0.9140088580306781 0.0258433084745793
0.9529019074339542 0.0264689956700694
0.9805433461178976 0.0263142062078851
0.9995874780884811 0.0266419292545000
