/Users/matthewclarke/Documents/LEADS/RESEARCH/Aircraft/AACES/Jet_Zero_Demonstrator/main_wing_airfoil_XSec_4.dat
0.9999592212177351 0.0089839576755981
0.9810345229834914 0.0122713909311442
0.9535177711709839 0.0161345524577086
0.9148132011081902 0.0216832235136753
0.8619350255353935 0.0293605336171667
0.7923884433319022 0.0387212018855318
0.7054314274136591 0.0483568292386533
0.6034626408924781 0.0558573559058533
0.4926977038569758 0.0603101754916050
0.3818487628949642 0.0615169456280728
0.2796287684729516 0.0597016305050075
0.1922656896295575 0.0552011192356129
0.1223986789007509 0.0485953701193261
0.0695277714520181 0.0408064466892080
0.0318034016135983 0.0307772800935134
0.0078582243750983 0.0171591955614563
0.0000000000000000 0.0000000000000000
0.0000000000000000 0.0000000000000000
0.0078664454093908 -0.0172512527553400
0.0312797656256220 -0.0319637466673064
0.0690304692500224 -0.0419230670339438
0.1221139408203588 -0.0480605735031219
0.1921954845696700 -0.0519681836055066
0.2796823207393750 -0.0534271361822055
0.3819320524918450 -0.0516820254966085
0.4926453327644916 -0.0453826224878983
0.6029653982581743 -0.0341655086218930
0.7043788553294545 -0.0210702687127024
0.7911401018523064 -0.0097276645780448
0.8608775050060372 -0.0017146077834135
0.9140997036947072 0.0031912618567727
0.9530964803815685 0.0059888697588248
0.9808240272436104 0.0075396077271212
0.9999592212177351 0.0089839576755981
