/Users/matthewclarke/Documents/LEADS/RESEARCH/Aircraft/AACES/Jet_Zero_Demonstrator/main_wing_airfoil_XSec_7.dat
0.9999674767211731 0.0080650790380569
0.9811224051805069 0.0110375006227626
0.9536462330156681 0.0141140782876075
0.9149434633320170 0.0180858186459089
0.8620289817781277 0.0232612656666266
0.7925649764609047 0.0302784576249171
0.7059908272421361 0.0392131116368023
0.6046803062413177 0.0482728841280389
0.4945885613065205 0.0547827744292197
0.3843278283032210 0.0566012941973593
0.2826581950348992 0.0543063386623189
0.1957991422450726 0.0491109547001307
0.1263363970374305 0.0421725473262121
0.0737485025203279 0.0343374867326985
0.0357754437280566 0.0258355746311800
0.0101446690192317 0.0155261012761197
0.0000000000000000 0.0000000000000000
0.0000000000000000 0.0000000000000000
0.0100584842338122 -0.0157438397119649
0.0352425336758721 -0.0271030106114672
0.0732955632522966 -0.0351645498815103
0.1261967675843183 -0.0403893958292984
0.1959526959318291 -0.0430328001221912
0.2829724756615657 -0.0430906651119364
0.3846446698932433 -0.0404117993025371
0.4947593325709428 -0.0341919415761178
0.6045191944335064 -0.0232863144543710
0.7053902232052132 -0.0100704084432662
0.7916960713181990 0.0012258590831353
0.8612550051436343 0.0071149831837427
0.9143837365971705 0.0088658530431319
0.9532839718833208 0.0087662484969368
0.9809194312626054 0.0080923688613430
0.9999674767211731 0.0080650790380569
