/Users/matthewclarke/Documents/LEADS/RESEARCH/Aircraft/AACES/Jet_Zero_Demonstrator/main_wing_airfoil_XSec_5.dat
0.9997774774048271 0.0173535041462784
0.9809971176699408 0.0207842470291902
0.9535509051701621 0.0245396580835674
0.9149378362148928 0.0298165157068352
0.8621772407820154 0.0370152140592360
0.7927857730760920 0.0458455985629850
0.7060181663953045 0.0549167037878525
0.6042505874901719 0.0613742094456549
0.4937079657900286 0.0640480291699725
0.3831356583047465 0.0629741899003377
0.2812451562841243 0.0589126227544030
0.1942249903027361 0.0526357604662016
0.1246645528943353 0.0448870696298460
0.0720147215716121 0.0365771878610155
0.0340337890823605 0.0277141752362707
0.0088085743578241 0.0164401829841336
0.0000000000000000 0.0000000000000000
0.0000000000000000 0.0000000000000000
0.0089023187089829 -0.0165551546360190
0.0331076889658213 -0.0298121537769214
0.0708905356928942 -0.0393669832874600
0.1239098766960050 -0.0451519759508751
0.1939133123776346 -0.0479570026839498
0.2812532812232338 -0.0480354461155575
0.3832959789316724 -0.0451601897753155
0.4937578992877690 -0.0378570273482496
0.6037117809965796 -0.0248789059326486
0.7046573715617416 -0.0094426563347067
0.7910617019475552 0.0035210871372126
0.8606906671192740 0.0114533532347495
0.9139247415971932 0.0151545236747598
0.9529514367923815 0.0164804594852994
0.9806998175520731 0.0167234594596644
0.9997774774048271 0.0173535041462784
