/Users/matthewclarke/Documents/LEADS/RESEARCH/Aircraft/AACES/Jet_Zero_Demonstrator/main_wing_airfoil_XSec_3.dat
0.9998618762441592 0.0151668249278843
0.9805751126026612 0.0175473999820472
0.9526937806862348 0.0203905148772320
0.9134719548977975 0.0245561940236527
0.8599004603837136 0.0305407594191444
0.7895699278741830 0.0385781726428917
0.7018936733611643 0.0485081961085793
0.5993479739572320 0.0592440746827000
0.4879176554542545 0.0682976315099779
0.3761940663876483 0.0726331630974493
0.2730873256054287 0.0723117495080981
0.1849610093337649 0.0683522812199101
0.1145154320942082 0.0616324917493364
0.0614927871612767 0.0523414829764197
0.0253439326215128 0.0374009343831387
0.0055626559044301 0.0184102279077577
0.0000000000000000 0.0000000000000000
0.0000000000000000 0.0000000000000000
0.0063240122557629 -0.0181597273219947
0.0278668755833929 -0.0352931633954207
0.0656666304182532 -0.0457411685539577
0.1191025259829081 -0.0515861722702948
0.1896023781666286 -0.0552815377149925
0.2775926903129194 -0.0568439881369661
0.3804345987463194 -0.0559143816351013
0.4918589799889174 -0.0520646414529276
0.6030881190720595 -0.0443878832424305
0.7052981835737551 -0.0329136340861329
0.7923015224561845 -0.0200309968665781
0.8618549818309569 -0.0085993348173920
0.9147390152543176 0.0003455704844245
0.9534122958725207 0.0069137114192531
0.9808868390938339 0.0115620230259149
0.9998618762441592 0.0151668249278843
