/Users/matthewclarke/Documents/LEADS/RESEARCH/Aircraft/AACES/Jet_Zero_Demonstrator/main_wing_airfoil_XSec_1.dat
0.9997546301191247 0.0218795183668889
0.9803121067781246 0.0233429739368814
0.9522657436954122 0.0252418864416728
0.9128514737021249 0.0287027911874036
0.8591099063528655 0.0347988968852924
0.7887354856736771 0.0445810727807426
0.7011219316384854 0.0576803857417914
0.5984884424595369 0.0710521803602346
0.4867530295202042 0.0809198244221203
0.3747529650195389 0.0863843755976517
0.2713742631127198 0.0874299184108072
0.1830252348602437 0.0833747819886284
0.1127441879000462 0.0736600783974394
0.0607038187932857 0.0590793838689394
0.0257920123939286 0.0399193885118018
0.0061923666861418 0.0190773836028379
0.0000000000000000 0.0000000000000000
0.0000000000000000 0.0000000000000000
0.0085945863541886 -0.0174994860543024
0.0326617649649221 -0.0315137407396221
0.0710919046440202 -0.0392617097464473
0.1244727421188019 -0.0437685392556041
0.1947492416324035 -0.0466022240761855
0.2824017551904069 -0.0483405685719986
0.3848576599453729 -0.0495244269556571
0.4959609372419412 -0.0505400035277839
0.6070612619599091 -0.0501176244992010
0.7093615052895722 -0.0448118961735910
0.7961884373712422 -0.0325461368750352
0.8649348137287752 -0.0171485487434878
0.9167903930618297 -0.0031719744879394
0.9545498594015873 0.0077939197777780
0.9813176885457187 0.0158277652034971
0.9997546301191247 0.0218795183668889
