/Users/matthewclarke/Documents/LEADS/RESEARCH/Aircraft/AACES/Jet_Zero_Demonstrator/main_wing_airfoil_XSec_2.dat
0.9997321363296169 0.0230982269158580
0.9802311875246144 0.0250105149735986
0.9520099337075556 0.0272461549801793
0.9123334874256130 0.0308845120197567
0.8581896806609391 0.0367021389541307
0.7872183143307242 0.0455367013560462
0.6988836686948596 0.0576913369140178
0.5956373047992751 0.0718506920134236
0.4833207154432563 0.0838778352698271
0.3705396790706765 0.0894416554141607
0.2664228310660284 0.0890334494512008
0.1774658761053216 0.0842852902416616
0.1064649428580419 0.0760653381866518
0.0534569516418210 0.0638221445485240
0.0190405697535120 0.0436351004796602
0.0031379832508204 0.0199469677971010
0.0000000000000000 0.0000000000000000
0.0000000000000000 0.0000000000000000
0.0049240578975500 -0.0193154987234953
0.0247159568891694 -0.0390963522046410
0.0624264133193455 -0.0509787881799525
0.1162284939515961 -0.0571738402453708
0.1872744328889183 -0.0604676739421857
0.2759154331325829 -0.0621155584760726
0.3795283005518594 -0.0630427098580752
0.4918857065693357 -0.0634052592321614
0.6041708171642290 -0.0601545241393780
0.7071684742568962 -0.0493707516420699
0.7943051580053744 -0.0328812846714369
0.8634839865828843 -0.0159665286676411
0.9158422735601627 -0.0017250774823589
0.9540352948277192 0.0091612417386307
0.9811314708037907 0.0170608556875549
0.9997321363296169 0.0230982269158580
