 ---------------------------------------------------------------
 Surface and Strip Forces by surface

  Forces referred to Sref, Cref, Bref about Xref, Yref, Zref
 Standard axis orientation,  X fwd, Z down         

  Surface # 1     main_wing                               
     # Chordwise =  4   # Spanwise = 20     First strip =  1
     Surface area =    8.662523       Ave. chord =    1.689634
     CLsurf  =   0.20908     Clsurf  =  -0.04132
     CYsurf  =  -0.02600     Cmsurf  =  -0.05795
     CDsurf  =   0.00436     Cnsurf  =   0.00335
     CDisurf =   0.00436     CDvsurf =   0.00000

  Forces referred to Ssurf, Cave about hinge axis thru LE
     CLsurf  =   0.41777     CDsurf  =   0.00865
     Deflect =

 Strip Forces referred to Strip Area, Chord
    j      Yle    Chord     Area     c cl      ai      cl_norm  cl       cd       cdv    cm_c/4    cm_LE  C.P.x/c
     1   0.0076   2.1929   0.0672   1.4012   0.0109   0.6377   0.6377  -0.0475   0.0000  -0.1886  -0.3478    0.546
     2   0.0681   2.1809   0.1987   1.0055   0.0107   0.4616   0.4616   0.0072   0.0000  -0.1539  -0.2687    0.583
     3   0.1877   2.1571   0.3222   0.9752   0.0112   0.4528   0.4528   0.0112   0.0000  -0.1541  -0.2668    0.590
     4   0.3634   2.1222   0.4328   0.9691   0.0141   0.4573   0.4573   0.0124   0.0000  -0.1592  -0.2729    0.598
     5   0.5909   2.0770   0.5265   0.9670   0.0199   0.4662   0.4662   0.0095   0.0000  -0.1676  -0.2836    0.610
     6   0.8645   2.0227   0.6004   0.9679   0.0291   0.4794   0.4794   0.0166   0.0000  -0.1788  -0.2980    0.623
     7   1.1860   1.9589   0.6858   0.9522   0.0327   0.4869   0.4869   0.0141   0.0000  -0.1882  -0.3092    0.637
     8   1.5487   1.8868   0.7158   0.9110   0.0325   0.4835   0.4835   0.0123   0.0000  -0.1927  -0.3130    0.649
     9   1.9359   1.8100   0.7226   0.8530   0.0458   0.4720   0.4720   0.0114   0.0000  -0.1954  -0.3128    0.664
    10   2.3380   1.7301   0.7082   0.7863   0.0575   0.4551   0.4551   0.0098   0.0000  -0.1972  -0.3104    0.683
    11   2.7172   1.6548   0.5847   0.7201   0.0515   0.4357   0.4357   0.0078   0.0000  -0.1981  -0.3065    0.705
    12   3.0642   1.5859   0.5465   0.6551   0.0439   0.4135   0.4135   0.0065   0.0000  -0.1982  -0.3011    0.729
    13   3.3984   1.5195   0.4975   0.5892   0.0376   0.3882   0.3882   0.0058   0.0000  -0.1975  -0.2940    0.759
    14   3.7543   1.4488   0.5599   0.5201   0.0330   0.3594   0.3594   0.0049   0.0000  -0.1961  -0.2855    0.796
    15   4.1178   1.3766   0.4744   0.4490   0.0311   0.3265   0.3265   0.0030   0.0000  -0.1925  -0.2736    0.840
    16   4.4355   1.3135   0.3866   0.3768   0.0325   0.2871   0.2871   0.0028   0.0000  -0.1839  -0.2552    0.890
    17   4.6908   1.2629   0.2779   0.3089   0.0427   0.2449   0.2449   0.0040   0.0000  -0.1665  -0.2273    0.930
    18   4.8804   1.2252   0.1975   0.2372   0.0598   0.1939   0.1939   0.0051   0.0000  -0.1370  -0.1851    0.956
    19   5.0095   1.1996   0.1180   0.1514   0.0757   0.1265   0.1265   0.0046   0.0000  -0.0919  -0.1233    0.977
    20   5.0748   1.1866   0.0392   0.0522   0.0849   0.0441   0.0441   0.0019   0.0000  -0.0325  -0.0435    0.987

  Surface # 2     main_wing (YDUP)                        
     # Chordwise =  4   # Spanwise = 20     First strip = 21
     Surface area =    8.662523       Ave. chord =    1.689634
     CLsurf  =   0.20908     Clsurf  =   0.04132
     CYsurf  =   0.02600     Cmsurf  =  -0.05795
     CDsurf  =   0.00436     Cnsurf  =  -0.00335
     CDisurf =   0.00436     CDvsurf =   0.00000

  Forces referred to Ssurf, Cave about hinge axis thru LE
     CLsurf  =   0.41777     CDsurf  =   0.00865
     Deflect =

 Strip Forces referred to Strip Area, Chord
    j      Yle    Chord     Area     c cl      ai      cl_norm  cl       cd       cdv    cm_c/4    cm_LE  C.P.x/c
    21  -0.0076   2.1929   0.0672   1.4012   0.0109   0.6377   0.6377  -0.0475   0.0000  -0.1886   0.3478    0.546
    22  -0.0681   2.1809   0.1987   1.0055   0.0107   0.4616   0.4616   0.0072   0.0000  -0.1539   0.2687    0.583
    23  -0.1877   2.1571   0.3222   0.9752   0.0112   0.4528   0.4528   0.0112   0.0000  -0.1541   0.2668    0.590
    24  -0.3634   2.1222   0.4328   0.9691   0.0141   0.4573   0.4573   0.0124   0.0000  -0.1592   0.2729    0.598
    25  -0.5909   2.0770   0.5265   0.9670   0.0199   0.4662   0.4662   0.0095   0.0000  -0.1676   0.2836    0.610
    26  -0.8645   2.0227   0.6004   0.9679   0.0291   0.4794   0.4794   0.0166   0.0000  -0.1788   0.2980    0.623
    27  -1.1860   1.9589   0.6858   0.9522   0.0327   0.4869   0.4869   0.0141   0.0000  -0.1882   0.3092    0.637
    28  -1.5487   1.8868   0.7158   0.9110   0.0325   0.4835   0.4835   0.0123   0.0000  -0.1927   0.3130    0.649
    29  -1.9359   1.8100   0.7226   0.8530   0.0458   0.4720   0.4720   0.0114   0.0000  -0.1954   0.3128    0.664
    30  -2.3380   1.7301   0.7082   0.7863   0.0575   0.4551   0.4551   0.0098   0.0000  -0.1972   0.3104    0.683
    31  -2.7172   1.6548   0.5847   0.7201   0.0515   0.4357   0.4357   0.0078   0.0000  -0.1981   0.3065    0.705
    32  -3.0642   1.5859   0.5465   0.6551   0.0439   0.4135   0.4135   0.0065   0.0000  -0.1982   0.3011    0.729
    33  -3.3984   1.5195   0.4975   0.5892   0.0376   0.3882   0.3882   0.0058   0.0000  -0.1975   0.2940    0.759
    34  -3.7543   1.4488   0.5599   0.5201   0.0330   0.3594   0.3594   0.0049   0.0000  -0.1961   0.2855    0.796
    35  -4.1178   1.3766   0.4744   0.4490   0.0311   0.3265   0.3265   0.0030   0.0000  -0.1925   0.2736    0.840
    36  -4.4355   1.3135   0.3866   0.3768   0.0325   0.2871   0.2871   0.0028   0.0000  -0.1839   0.2552    0.890
    37  -4.6908   1.2629   0.2779   0.3089   0.0427   0.2449   0.2449   0.0040   0.0000  -0.1665   0.2273    0.930
    38  -4.8804   1.2252   0.1975   0.2372   0.0598   0.1939   0.1939   0.0051   0.0000  -0.1370   0.1851    0.956
    39  -5.0095   1.1996   0.1180   0.1514   0.0757   0.1265   0.1265   0.0046   0.0000  -0.0919   0.1233    0.977
    40  -5.0748   1.1866   0.0392   0.0522   0.0849   0.0441   0.0441   0.0019   0.0000  -0.0325   0.0435    0.987

  Surface # 3     horizontal_stabilizer                   
     # Chordwise =  4   # Spanwise = 20     First strip = 41
     Surface area =    2.000000       Ave. chord =    1.000000
     CLsurf  =  -0.04010     Clsurf  =   0.00338
     CYsurf  =  -0.00002     Cmsurf  =   0.10009
     CDsurf  =  -0.00073     Cnsurf  =  -0.00017
     CDisurf =  -0.00073     CDvsurf =   0.00000

  Forces referred to Ssurf, Cave about hinge axis thru LE
     CLsurf  =  -0.34441     CDsurf  =  -0.00630
     Deflect =

 Strip Forces referred to Strip Area, Chord
    j      Yle    Chord     Area     c cl      ai      cl_norm  cl       cd       cdv    cm_c/4    cm_LE  C.P.x/c
    41   0.0028   1.1970   0.0135  -0.4302  -0.0070  -0.3585  -0.3573   0.0650   0.0000  -0.0048   0.0846    0.237
    42   0.0254   1.1926   0.0401  -0.4301  -0.0067  -0.3620  -0.3609   0.0010   0.0000  -0.0048   0.0849    0.237
    43   0.0698   1.1838   0.0652  -0.4299  -0.0063  -0.3647  -0.3635  -0.0039   0.0000  -0.0051   0.0852    0.236
    44   0.1388   1.1701   0.0969  -0.4290  -0.0059  -0.3683  -0.3671  -0.0057   0.0000  -0.0055   0.0857    0.235
    45   0.2319   1.1517   0.1186  -0.4273  -0.0055  -0.3726  -0.3714  -0.0061   0.0000  -0.0061   0.0862    0.234
    46   0.3440   1.1296   0.1361  -0.4241  -0.0052  -0.3772  -0.3759  -0.0069   0.0000  -0.0067   0.0867    0.232
    47   0.4722   1.1043   0.1492  -0.4192  -0.0051  -0.3813  -0.3801  -0.0073   0.0000  -0.0073   0.0872    0.231
    48   0.6135   1.0764   0.1576  -0.4118  -0.0051  -0.3844  -0.3831  -0.0079   0.0000  -0.0079   0.0873    0.229
    49   0.7642   1.0466   0.1613  -0.4016  -0.0052  -0.3855  -0.3842  -0.0085   0.0000  -0.0086   0.0869    0.228
    50   0.9207   1.0157   0.1605  -0.3878  -0.0057  -0.3836  -0.3823  -0.0085   0.0000  -0.0093   0.0857    0.226
    51   1.0793   0.9843   0.1555  -0.3700  -0.0065  -0.3776  -0.3764  -0.0085   0.0000  -0.0101   0.0834    0.223
    52   1.2358   0.9534   0.1469  -0.3478  -0.0076  -0.3665  -0.3653  -0.0082   0.0000  -0.0110   0.0798    0.220
    53   1.3865   0.9236   0.1353  -0.3211  -0.0092  -0.3493  -0.3481  -0.0079   0.0000  -0.0119   0.0746    0.216
    54   1.5278   0.8957   0.1211  -0.2897  -0.0110  -0.3249  -0.3239  -0.0069   0.0000  -0.0129   0.0676    0.210
    55   1.6560   0.8704   0.1049  -0.2537  -0.0131  -0.2928  -0.2919  -0.0061   0.0000  -0.0136   0.0590    0.203
    56   1.7681   0.8483   0.0873  -0.2133  -0.0152  -0.2526  -0.2517  -0.0051   0.0000  -0.0138   0.0488    0.195
    57   1.8612   0.8299   0.0687  -0.1687  -0.0172  -0.2042  -0.2035  -0.0037   0.0000  -0.0129   0.0377    0.187
    58   1.9302   0.8162   0.0450  -0.1216  -0.0188  -0.1496  -0.1492  -0.0030   0.0000  -0.0106   0.0264    0.179
    59   1.9746   0.8074   0.0271  -0.0738  -0.0199  -0.0918  -0.0915  -0.0020   0.0000  -0.0071   0.0157    0.173
    60   1.9972   0.8030   0.0091  -0.0247  -0.0205  -0.0310  -0.0309  -0.0012   0.0000  -0.0025   0.0052    0.170

  Surface # 4     horizontal_stabilizer (YDUP)            
     # Chordwise =  4   # Spanwise = 20     First strip = 61
     Surface area =    2.000000       Ave. chord =    1.000000
     CLsurf  =  -0.04010     Clsurf  =  -0.00338
     CYsurf  =   0.00002     Cmsurf  =   0.10009
     CDsurf  =  -0.00073     Cnsurf  =   0.00017
     CDisurf =  -0.00073     CDvsurf =   0.00000

  Forces referred to Ssurf, Cave about hinge axis thru LE
     CLsurf  =  -0.34441     CDsurf  =  -0.00630
     Deflect =

 Strip Forces referred to Strip Area, Chord
    j      Yle    Chord     Area     c cl      ai      cl_norm  cl       cd       cdv    cm_c/4    cm_LE  C.P.x/c
    61  -0.0028   1.1970   0.0135  -0.4302  -0.0070  -0.3585  -0.3573   0.0650   0.0000  -0.0048  -0.0846    0.237
    62  -0.0254   1.1926   0.0401  -0.4301  -0.0067  -0.3620  -0.3609   0.0010   0.0000  -0.0048  -0.0849    0.237
    63  -0.0698   1.1838   0.0652  -0.4299  -0.0063  -0.3647  -0.3635  -0.0039   0.0000  -0.0051  -0.0852    0.236
    64  -0.1388   1.1701   0.0969  -0.4290  -0.0059  -0.3683  -0.3671  -0.0057   0.0000  -0.0055  -0.0857    0.235
    65  -0.2319   1.1517   0.1186  -0.4273  -0.0055  -0.3726  -0.3714  -0.0061   0.0000  -0.0061  -0.0862    0.234
    66  -0.3440   1.1296   0.1361  -0.4241  -0.0052  -0.3772  -0.3759  -0.0069   0.0000  -0.0067  -0.0867    0.232
    67  -0.4722   1.1043   0.1492  -0.4192  -0.0051  -0.3813  -0.3801  -0.0073   0.0000  -0.0073  -0.0872    0.231
    68  -0.6135   1.0764   0.1576  -0.4118  -0.0051  -0.3844  -0.3831  -0.0079   0.0000  -0.0079  -0.0873    0.229
    69  -0.7642   1.0466   0.1613  -0.4016  -0.0052  -0.3855  -0.3842  -0.0085   0.0000  -0.0086  -0.0869    0.228
    70  -0.9207   1.0157   0.1605  -0.3878  -0.0057  -0.3836  -0.3823  -0.0085   0.0000  -0.0093  -0.0857    0.226
    71  -1.0793   0.9843   0.1555  -0.3700  -0.0065  -0.3776  -0.3764  -0.0085   0.0000  -0.0101  -0.0834    0.223
    72  -1.2358   0.9534   0.1469  -0.3478  -0.0076  -0.3665  -0.3653  -0.0082   0.0000  -0.0110  -0.0798    0.220
    73  -1.3865   0.9236   0.1353  -0.3211  -0.0092  -0.3493  -0.3481  -0.0079   0.0000  -0.0119  -0.0746    0.216
    74  -1.5278   0.8957   0.1211  -0.2897  -0.0110  -0.3249  -0.3239  -0.0069   0.0000  -0.0129  -0.0676    0.210
    75  -1.6560   0.8704   0.1049  -0.2537  -0.0131  -0.2928  -0.2919  -0.0061   0.0000  -0.0136  -0.0590    0.203
    76  -1.7681   0.8483   0.0873  -0.2133  -0.0152  -0.2526  -0.2517  -0.0051   0.0000  -0.0138  -0.0488    0.195
    77  -1.8612   0.8299   0.0687  -0.1687  -0.0172  -0.2042  -0.2035  -0.0037   0.0000  -0.0129  -0.0377    0.187
    78  -1.9302   0.8162   0.0450  -0.1216  -0.0188  -0.1496  -0.1492  -0.0030   0.0000  -0.0106  -0.0264    0.179
    79  -1.9746   0.8074   0.0271  -0.0738  -0.0199  -0.0918  -0.0915  -0.0020   0.0000  -0.0071  -0.0157    0.173
    80  -1.9972   0.8030   0.0091  -0.0247  -0.0205  -0.0310  -0.0309  -0.0012   0.0000  -0.0025  -0.0052    0.170

  Surface # 5     vertical_stabilizer                     
     # Chordwise =  4   # Spanwise = 20     First strip = 81
     Surface area =    1.336680       Ave. chord =    0.902187
     CLsurf  =   0.00000     Clsurf  =  -0.00000
     CYsurf  =  -0.00000     Cmsurf  =  -0.00000
     CDsurf  =  -0.00000     Cnsurf  =   0.00000
     CDisurf =  -0.00000     CDvsurf =   0.00000

  Forces referred to Ssurf, Cave about hinge axis thru LE
     CLsurf  =   0.00000     CDsurf  =  -0.00000
     Deflect =

 Strip Forces referred to Strip Area, Chord
    j      Yle    Chord     Area     c cl      ai      cl_norm  cl       cd       cdv    cm_c/4    cm_LE  C.P.x/c
    81   0.0000   1.2147   0.0206   0.0000  -0.0000   0.0000   0.0000   0.0000   0.0000   0.0000  -0.0000    0.105
    82   0.0000   1.2045   0.0371   0.0000   0.0000   0.0000   0.0000  -0.0000   0.0000   0.0000  -0.0000    0.096
    83   0.0000   1.1886   0.0523   0.0000   0.0000   0.0000   0.0000  -0.0000   0.0000   0.0000  -0.0000    0.038
    84   0.0000   1.1671   0.0658   0.0000   0.0000   0.0000   0.0000   0.0000   0.0000   0.0000  -0.0000    0.150
    85   0.0000   1.1382   0.0906   0.0000  -0.0000   0.0000   0.0000   0.0000   0.0000   0.0000  -0.0000    0.161
    86   0.0000   1.1018   0.1003   0.0000   0.0000   0.0000   0.0000  -0.0000   0.0000   0.0000  -0.0000    0.148
    87   0.0000   1.0610   0.1064   0.0000  -0.0000   0.0000   0.0000  -0.0000   0.0000   0.0000  -0.0000    0.135
    88   0.0000   1.0166   0.1091   0.0000  -0.0000   0.0000   0.0000  -0.0000   0.0000   0.0000  -0.0000    0.060
    89   0.0000   0.9698   0.1086   0.0000   0.0000   0.0000   0.0000   0.0000   0.0000   0.0000  -0.0000    0.122
    90   0.0000   0.9216   0.1050   0.0000   0.0000   0.0000   0.0000  -0.0000   0.0000   0.0000  -0.0000    0.179
    91   0.0000   0.8731   0.0989   0.0000   0.0000   0.0000   0.0000   0.0000   0.0000   0.0000  -0.0000    0.168
    92   0.0000   0.8255   0.0908   0.0000  -0.0000   0.0000   0.0000  -0.0000   0.0000   0.0000  -0.0000    0.201
    93   0.0000   0.7798   0.0812   0.0000   0.0000   0.0000   0.0000  -0.0000   0.0000   0.0000  -0.0000    0.219
    94   0.0000   0.7371   0.0706   0.0000   0.0000   0.0000   0.0000   0.0000   0.0000   0.0000  -0.0000    0.206
    95   0.0000   0.6985   0.0595   0.0000  -0.0000   0.0000   0.0000  -0.0000   0.0000   0.0000  -0.0000    0.165
    96   0.0000   0.6647   0.0483   0.0000   0.0000   0.0000   0.0000  -0.0000   0.0000   0.0000  -0.0000    0.156
    97   0.0000   0.6356   0.0405   0.0000   0.0000   0.0000   0.0000  -0.0000   0.0000   0.0000  -0.0000    0.170
    98   0.0000   0.6120   0.0285   0.0000   0.0000   0.0000   0.0000  -0.0000   0.0000   0.0000  -0.0000    0.139
    99   0.0000   0.5960   0.0169   0.0000   0.0000   0.0000   0.0000  -0.0000   0.0000   0.0000  -0.0000    0.086
   100   0.0000   0.5879   0.0056   0.0000  -0.0000   0.0000   0.0000  -0.0000   0.0000   0.0000  -0.0000    0.092
 ---------------------------------------------------------------
