 ---------------------------------------------------------------
 Surface and Strip Forces by surface

  Forces referred to Sref, Cref, Bref about Xref, Yref, Zref
 Standard axis orientation,  X fwd, Z down         

  Surface # 1     main_wing                               
     # Chordwise = 10   # Spanwise = 30     First strip =  1
     Surface area =    8.662745       Ave. chord =    1.689678
     CLsurf  =   0.46929     Clsurf  =  -0.09555
     CYsurf  =  -0.06411     Cmsurf  =  -0.08208
     CDsurf  =   0.02362     Cnsurf  =  -0.00147
     CDisurf =   0.02362     CDvsurf =   0.00000

  Forces referred to Ssurf, Cave about hinge axis thru LE
     CLsurf  =   0.93919     CDsurf  =   0.04683
     Deflect =

 Strip Forces referred to Strip Area, Chord
    j      Yle    Chord     Area     c cl      ai      cl_norm  cl       cd       cdv    cm_c/4    cm_LE  C.P.x/c
     1   0.0034   2.1937   0.0299   3.0281   0.1069   1.3823   1.3820   0.0403   0.0000  -0.1738  -0.5185    0.376
     2   0.0304   2.1884   0.0891   2.1938   0.1046   1.0012   1.0010   0.0609   0.0000  -0.1315  -0.3819    0.381
     3   0.0840   2.1777   0.1468   2.1323   0.1028   0.9779   0.9777   0.0592   0.0000  -0.1292  -0.3738    0.382
     4   0.1638   2.1619   0.2017   2.1182   0.1022   0.9787   0.9784   0.0582   0.0000  -0.1306  -0.3754    0.383
     5   0.2688   2.1410   0.2531   2.1071   0.1027   0.9833   0.9831   0.0548   0.0000  -0.1334  -0.3793    0.386
     6   0.3979   2.1154   0.3000   2.1202   0.1042   1.0006   1.0004   0.0652   0.0000  -0.1382  -0.3886    0.388
     7   0.5496   2.0852   0.3417   2.1109   0.1067   1.0109   1.0106   0.0631   0.0000  -0.1438  -0.3967    0.392
     8   0.7223   2.0509   0.3776   2.0887   0.1103   1.0177   1.0175   0.0547   0.0000  -0.1508  -0.4052    0.398
     9   0.9142   2.0128   0.4073   2.0766   0.1152   1.0307   1.0305   0.0586   0.0000  -0.1573  -0.4150    0.403
    10   1.1285   1.9703   0.4526   2.0365   0.1146   1.0329   1.0327   0.0553   0.0000  -0.1624  -0.4206    0.407
    11   1.3637   1.9236   0.4694   2.0067   0.1078   1.0426   1.0424   0.0547   0.0000  -0.1660  -0.4266    0.409
    12   1.6118   1.8743   0.4793   1.9519   0.1021   1.0410   1.0408   0.0522   0.0000  -0.1679  -0.4280    0.411
    13   1.8700   1.8230   0.4823   1.8843   0.0977   1.0332   1.0330   0.0514   0.0000  -0.1689  -0.4270    0.413
    14   2.1357   1.7703   0.4789   1.8158   0.0940   1.0256   1.0253   0.0486   0.0000  -0.1698  -0.4260    0.416
    15   2.4057   1.7167   0.4695   1.7403   0.0897   1.0138   1.0136   0.0460   0.0000  -0.1704  -0.4236    0.418
    16   2.6723   1.6637   0.4384   1.6638   0.0857   1.0004   1.0001   0.0423   0.0000  -0.1707  -0.4205    0.421
    17   2.9325   1.6120   0.4201   1.5764   0.0827   0.9781   0.9778   0.0427   0.0000  -0.1700  -0.4143    0.424
    18   3.1884   1.5612   0.3979   1.4954   0.0805   0.9582   0.9580   0.0392   0.0000  -0.1699  -0.4091    0.427
    19   3.4372   1.5118   0.3724   1.4065   0.0790   0.9308   0.9306   0.0370   0.0000  -0.1689  -0.4012    0.431
    20   3.6775   1.4641   0.3480   1.3145   0.0791   0.8982   0.8980   0.0367   0.0000  -0.1673  -0.3915    0.436
    21   3.9066   1.4186   0.3174   1.2185   0.0807   0.8592   0.8590   0.0365   0.0000  -0.1649  -0.3794    0.442
    22   4.1206   1.3761   0.2853   1.1205   0.0836   0.8144   0.8142   0.0356   0.0000  -0.1615  -0.3649    0.448
    23   4.3172   1.3370   0.2522   1.0200   0.0881   0.7630   0.7628   0.0336   0.0000  -0.1569  -0.3474    0.456
    24   4.4942   1.3019   0.2186   0.9133   0.0941   0.7015   0.7013   0.0324   0.0000  -0.1500  -0.3251    0.464
    25   4.6536   1.2702   0.1944   0.8019   0.1052   0.6310   0.6309   0.0320   0.0000  -0.1401  -0.2977    0.472
    26   4.7929   1.2426   0.1585   0.6796   0.1210   0.5463   0.5462   0.0320   0.0000  -0.1258  -0.2623    0.480
    27   4.9062   1.2201   0.1229   0.5469   0.1374   0.4475   0.4474   0.0292   0.0000  -0.1067  -0.2186    0.489
    28   4.9923   1.2030   0.0875   0.4023   0.1535   0.3337   0.3336   0.0236   0.0000  -0.0824  -0.1658    0.497
    29   5.0502   1.1915   0.0524   0.2471   0.1682   0.2068   0.2068   0.0158   0.0000  -0.0526  -0.1043    0.504
    30   5.0794   1.1857   0.0174   0.0837   0.1780   0.0703   0.0703   0.0058   0.0000  -0.0182  -0.0358    0.508

  Surface # 2     main_wing (YDUP)                        
     # Chordwise = 10   # Spanwise = 30     First strip = 31
     Surface area =    8.662745       Ave. chord =    1.689678
     CLsurf  =   0.46929     Clsurf  =   0.09555
     CYsurf  =   0.06411     Cmsurf  =  -0.08208
     CDsurf  =   0.02362     Cnsurf  =   0.00147
     CDisurf =   0.02362     CDvsurf =   0.00000

  Forces referred to Ssurf, Cave about hinge axis thru LE
     CLsurf  =   0.93919     CDsurf  =   0.04683
     Deflect =

 Strip Forces referred to Strip Area, Chord
    j      Yle    Chord     Area     c cl      ai      cl_norm  cl       cd       cdv    cm_c/4    cm_LE  C.P.x/c
    31  -0.0034   2.1937   0.0299   3.0281   0.1069   1.3823   1.3820   0.0403   0.0000  -0.1738   0.5185    0.376
    32  -0.0304   2.1884   0.0891   2.1938   0.1046   1.0012   1.0010   0.0609   0.0000  -0.1315   0.3819    0.381
    33  -0.0840   2.1777   0.1468   2.1323   0.1028   0.9779   0.9777   0.0592   0.0000  -0.1292   0.3738    0.382
    34  -0.1638   2.1619   0.2017   2.1182   0.1022   0.9787   0.9784   0.0582   0.0000  -0.1306   0.3754    0.383
    35  -0.2688   2.1410   0.2531   2.1071   0.1027   0.9833   0.9831   0.0548   0.0000  -0.1334   0.3793    0.386
    36  -0.3979   2.1154   0.3000   2.1202   0.1042   1.0006   1.0004   0.0652   0.0000  -0.1382   0.3886    0.388
    37  -0.5496   2.0852   0.3417   2.1109   0.1067   1.0109   1.0106   0.0631   0.0000  -0.1438   0.3967    0.392
    38  -0.7223   2.0509   0.3776   2.0887   0.1103   1.0177   1.0175   0.0547   0.0000  -0.1508   0.4052    0.398
    39  -0.9142   2.0128   0.4073   2.0766   0.1152   1.0307   1.0305   0.0586   0.0000  -0.1573   0.4150    0.403
    40  -1.1285   1.9703   0.4526   2.0365   0.1146   1.0329   1.0327   0.0553   0.0000  -0.1624   0.4206    0.407
    41  -1.3637   1.9236   0.4694   2.0067   0.1078   1.0426   1.0424   0.0547   0.0000  -0.1660   0.4266    0.409
    42  -1.6118   1.8743   0.4793   1.9519   0.1021   1.0410   1.0408   0.0522   0.0000  -0.1679   0.4280    0.411
    43  -1.8700   1.8230   0.4823   1.8843   0.0977   1.0332   1.0330   0.0514   0.0000  -0.1689   0.4270    0.413
    44  -2.1357   1.7703   0.4789   1.8158   0.0940   1.0256   1.0253   0.0486   0.0000  -0.1698   0.4260    0.416
    45  -2.4057   1.7167   0.4695   1.7403   0.0897   1.0138   1.0136   0.0460   0.0000  -0.1704   0.4236    0.418
    46  -2.6723   1.6637   0.4384   1.6638   0.0857   1.0004   1.0001   0.0423   0.0000  -0.1707   0.4205    0.421
    47  -2.9325   1.6120   0.4201   1.5764   0.0827   0.9780   0.9778   0.0427   0.0000  -0.1700   0.4143    0.424
    48  -3.1884   1.5612   0.3979   1.4954   0.0805   0.9582   0.9580   0.0392   0.0000  -0.1699   0.4091    0.427
    49  -3.4372   1.5118   0.3724   1.4065   0.0790   0.9308   0.9306   0.0370   0.0000  -0.1689   0.4012    0.431
    50  -3.6775   1.4641   0.3480   1.3145   0.0791   0.8982   0.8980   0.0367   0.0000  -0.1673   0.3915    0.436
    51  -3.9066   1.4186   0.3174   1.2185   0.0807   0.8592   0.8590   0.0365   0.0000  -0.1649   0.3794    0.442
    52  -4.1206   1.3761   0.2853   1.1205   0.0836   0.8144   0.8142   0.0356   0.0000  -0.1615   0.3649    0.448
    53  -4.3172   1.3370   0.2522   1.0200   0.0881   0.7630   0.7628   0.0336   0.0000  -0.1569   0.3474    0.456
    54  -4.4942   1.3019   0.2186   0.9133   0.0941   0.7015   0.7013   0.0324   0.0000  -0.1500   0.3251    0.464
    55  -4.6536   1.2702   0.1944   0.8019   0.1052   0.6310   0.6309   0.0320   0.0000  -0.1401   0.2977    0.472
    56  -4.7929   1.2426   0.1585   0.6796   0.1210   0.5463   0.5462   0.0320   0.0000  -0.1258   0.2623    0.480
    57  -4.9062   1.2201   0.1229   0.5469   0.1374   0.4475   0.4474   0.0292   0.0000  -0.1067   0.2186    0.489
    58  -4.9923   1.2030   0.0875   0.4023   0.1535   0.3337   0.3336   0.0236   0.0000  -0.0824   0.1658    0.497
    59  -5.0502   1.1915   0.0524   0.2471   0.1682   0.2068   0.2068   0.0158   0.0000  -0.0526   0.1043    0.504
    60  -5.0794   1.1857   0.0174   0.0837   0.1780   0.0703   0.0703   0.0058   0.0000  -0.0182   0.0358    0.508

  Surface # 3     horizontal_stabilizer                   
     # Chordwise = 10   # Spanwise = 30     First strip = 61
     Surface area =    2.000000       Ave. chord =    1.000000
     CLsurf  =  -0.00410     Clsurf  =   0.00037
     CYsurf  =   0.00006     Cmsurf  =   0.01100
     CDsurf  =  -0.00039     Cnsurf  =  -0.00003
     CDisurf =  -0.00039     CDvsurf =   0.00000

  Forces referred to Ssurf, Cave about hinge axis thru LE
     CLsurf  =  -0.03524     CDsurf  =  -0.00338
     Deflect =

 Strip Forces referred to Strip Area, Chord
    j      Yle    Chord     Area     c cl      ai      cl_norm  cl       cd       cdv    cm_c/4    cm_LE  C.P.x/c
    61   0.0016   1.1973   0.0076  -0.0386   0.0941  -0.0322  -0.0321  -0.0026   0.0000  -0.0015   0.0065    0.202
    62   0.0142   1.1948   0.0226  -0.0386   0.0941  -0.0322  -0.0321  -0.0030   0.0000  -0.0015   0.0065    0.202
    63   0.0394   1.1898   0.0373  -0.0386   0.0941  -0.0324  -0.0323  -0.0030   0.0000  -0.0016   0.0065    0.202
    64   0.0768   1.1824   0.0513  -0.0386   0.0941  -0.0326  -0.0325  -0.0031   0.0000  -0.0016   0.0065    0.201
    65   0.1222   1.1734   0.0549  -0.0387   0.0941  -0.0329  -0.0328  -0.0031   0.0000  -0.0016   0.0066    0.200
    66   0.1738   1.1632   0.0653  -0.0389   0.0940  -0.0334  -0.0333  -0.0031   0.0000  -0.0017   0.0066    0.199
    67   0.2344   1.1513   0.0747  -0.0391   0.0938  -0.0339  -0.0338  -0.0032   0.0000  -0.0018   0.0067    0.198
    68   0.3034   1.1376   0.0830  -0.0394   0.0935  -0.0346  -0.0345  -0.0033   0.0000  -0.0018   0.0068    0.197
    69   0.3800   1.1225   0.0900  -0.0399   0.0932  -0.0355  -0.0354  -0.0034   0.0000  -0.0019   0.0069    0.196
    70   0.4634   1.1060   0.0957  -0.0404   0.0929  -0.0365  -0.0364  -0.0035   0.0000  -0.0020   0.0071    0.195
    71   0.5527   1.0884   0.1000  -0.0409   0.0924  -0.0375  -0.0374  -0.0036   0.0000  -0.0021   0.0072    0.194
    72   0.6469   1.0697   0.1030  -0.0414   0.0920  -0.0386  -0.0385  -0.0037   0.0000  -0.0022   0.0074    0.192
    73   0.7450   1.0504   0.1046  -0.0417   0.0915  -0.0397  -0.0395  -0.0038   0.0000  -0.0023   0.0076    0.191
    74   0.8459   1.0304   0.1050  -0.0418   0.0911  -0.0405  -0.0404  -0.0039   0.0000  -0.0024   0.0077    0.190
    75   0.9484   1.0102   0.1040  -0.0416   0.0906  -0.0412  -0.0410  -0.0040   0.0000  -0.0025   0.0078    0.189
    76   1.0516   0.9898   0.1019  -0.0411   0.0902  -0.0414  -0.0413  -0.0040   0.0000  -0.0026   0.0078    0.188
    77   1.1541   0.9696   0.0987  -0.0401   0.0897  -0.0413  -0.0412  -0.0040   0.0000  -0.0026   0.0077    0.187
    78   1.2550   0.9496   0.0946  -0.0387   0.0893  -0.0407  -0.0406  -0.0039   0.0000  -0.0026   0.0075    0.185
    79   1.3531   0.9303   0.0896  -0.0369   0.0888  -0.0396  -0.0395  -0.0038   0.0000  -0.0026   0.0072    0.183
    80   1.4473   0.9116   0.0838  -0.0347   0.0884  -0.0380  -0.0379  -0.0037   0.0000  -0.0026   0.0068    0.181
    81   1.5366   0.8940   0.0773  -0.0322   0.0879  -0.0360  -0.0359  -0.0035   0.0000  -0.0026   0.0064    0.177
    82   1.6200   0.8775   0.0703  -0.0294   0.0875  -0.0335  -0.0334  -0.0032   0.0000  -0.0026   0.0058    0.173
    83   1.6966   0.8624   0.0629  -0.0264   0.0871  -0.0306  -0.0305  -0.0029   0.0000  -0.0025   0.0051    0.168
    84   1.7656   0.8487   0.0551  -0.0233   0.0868  -0.0274  -0.0273  -0.0026   0.0000  -0.0024   0.0044    0.162
    85   1.8262   0.8368   0.0470  -0.0200   0.0864  -0.0239  -0.0238  -0.0023   0.0000  -0.0023   0.0037    0.155
    86   1.8778   0.8266   0.0387  -0.0167   0.0862  -0.0202  -0.0202  -0.0019   0.0000  -0.0021   0.0030    0.148
    87   1.9232   0.8176   0.0355  -0.0132   0.0860  -0.0162  -0.0161  -0.0015   0.0000  -0.0018   0.0023    0.140
    88   1.9606   0.8102   0.0254  -0.0095   0.0858  -0.0117  -0.0117  -0.0011   0.0000  -0.0014   0.0015    0.132
    89   1.9858   0.8052   0.0153  -0.0057   0.0857  -0.0071  -0.0071  -0.0007   0.0000  -0.0009   0.0009    0.126
    90   1.9984   0.8027   0.0051  -0.0019   0.0856  -0.0024  -0.0024  -0.0002   0.0000  -0.0003   0.0003    0.122

  Surface # 4     horizontal_stabilizer (YDUP)            
     # Chordwise = 10   # Spanwise = 30     First strip = 91
     Surface area =    2.000000       Ave. chord =    1.000000
     CLsurf  =  -0.00410     Clsurf  =  -0.00037
     CYsurf  =  -0.00006     Cmsurf  =   0.01100
     CDsurf  =  -0.00039     Cnsurf  =   0.00003
     CDisurf =  -0.00039     CDvsurf =   0.00000

  Forces referred to Ssurf, Cave about hinge axis thru LE
     CLsurf  =  -0.03524     CDsurf  =  -0.00338
     Deflect =

 Strip Forces referred to Strip Area, Chord
    j      Yle    Chord     Area     c cl      ai      cl_norm  cl       cd       cdv    cm_c/4    cm_LE  C.P.x/c
    91  -0.0016   1.1973   0.0076  -0.0386   0.0941  -0.0322  -0.0321  -0.0026   0.0000  -0.0015  -0.0065    0.202
    92  -0.0142   1.1948   0.0226  -0.0386   0.0941  -0.0322  -0.0321  -0.0030   0.0000  -0.0015  -0.0065    0.202
    93  -0.0394   1.1898   0.0373  -0.0386   0.0941  -0.0324  -0.0323  -0.0030   0.0000  -0.0016  -0.0065    0.202
    94  -0.0768   1.1824   0.0513  -0.0386   0.0941  -0.0326  -0.0325  -0.0031   0.0000  -0.0016  -0.0065    0.201
    95  -0.1222   1.1734   0.0549  -0.0387   0.0941  -0.0329  -0.0328  -0.0031   0.0000  -0.0016  -0.0066    0.200
    96  -0.1738   1.1632   0.0653  -0.0389   0.0940  -0.0334  -0.0333  -0.0031   0.0000  -0.0017  -0.0066    0.199
    97  -0.2344   1.1513   0.0747  -0.0391   0.0938  -0.0339  -0.0338  -0.0032   0.0000  -0.0018  -0.0067    0.198
    98  -0.3034   1.1376   0.0830  -0.0394   0.0935  -0.0346  -0.0345  -0.0033   0.0000  -0.0018  -0.0068    0.197
    99  -0.3800   1.1225   0.0900  -0.0399   0.0932  -0.0355  -0.0354  -0.0034   0.0000  -0.0019  -0.0069    0.196
   100  -0.4634   1.1060   0.0957  -0.0404   0.0929  -0.0365  -0.0364  -0.0035   0.0000  -0.0020  -0.0071    0.195
   101  -0.5527   1.0884   0.1000  -0.0409   0.0924  -0.0375  -0.0374  -0.0036   0.0000  -0.0021  -0.0072    0.194
   102  -0.6469   1.0697   0.1030  -0.0414   0.0920  -0.0386  -0.0385  -0.0037   0.0000  -0.0022  -0.0074    0.192
   103  -0.7450   1.0504   0.1046  -0.0417   0.0915  -0.0397  -0.0395  -0.0038   0.0000  -0.0023  -0.0076    0.191
   104  -0.8459   1.0304   0.1050  -0.0418   0.0911  -0.0405  -0.0404  -0.0039   0.0000  -0.0024  -0.0077    0.190
   105  -0.9484   1.0102   0.1040  -0.0416   0.0906  -0.0412  -0.0410  -0.0040   0.0000  -0.0025  -0.0078    0.189
   106  -1.0516   0.9898   0.1019  -0.0411   0.0902  -0.0414  -0.0413  -0.0040   0.0000  -0.0026  -0.0078    0.188
   107  -1.1541   0.9696   0.0987  -0.0401   0.0897  -0.0413  -0.0412  -0.0040   0.0000  -0.0026  -0.0077    0.187
   108  -1.2550   0.9496   0.0946  -0.0387   0.0893  -0.0407  -0.0406  -0.0039   0.0000  -0.0026  -0.0075    0.185
   109  -1.3531   0.9303   0.0896  -0.0369   0.0888  -0.0396  -0.0395  -0.0038   0.0000  -0.0026  -0.0072    0.183
   110  -1.4473   0.9116   0.0838  -0.0347   0.0884  -0.0380  -0.0379  -0.0037   0.0000  -0.0026  -0.0068    0.181
   111  -1.5366   0.8940   0.0773  -0.0322   0.0879  -0.0360  -0.0359  -0.0035   0.0000  -0.0026  -0.0064    0.177
   112  -1.6200   0.8775   0.0703  -0.0294   0.0875  -0.0335  -0.0334  -0.0032   0.0000  -0.0026  -0.0058    0.173
   113  -1.6966   0.8624   0.0629  -0.0264   0.0871  -0.0306  -0.0305  -0.0029   0.0000  -0.0025  -0.0051    0.168
   114  -1.7656   0.8487   0.0551  -0.0233   0.0868  -0.0274  -0.0273  -0.0026   0.0000  -0.0024  -0.0044    0.162
   115  -1.8262   0.8368   0.0470  -0.0200   0.0864  -0.0239  -0.0238  -0.0023   0.0000  -0.0023  -0.0037    0.155
   116  -1.8778   0.8266   0.0387  -0.0167   0.0862  -0.0202  -0.0202  -0.0019   0.0000  -0.0021  -0.0030    0.148
   117  -1.9232   0.8176   0.0355  -0.0132   0.0860  -0.0162  -0.0161  -0.0015   0.0000  -0.0018  -0.0023    0.140
   118  -1.9606   0.8102   0.0254  -0.0095   0.0858  -0.0117  -0.0117  -0.0011   0.0000  -0.0014  -0.0015    0.132
   119  -1.9858   0.8052   0.0153  -0.0057   0.0857  -0.0071  -0.0071  -0.0007   0.0000  -0.0009  -0.0009    0.126
   120  -1.9984   0.8027   0.0051  -0.0019   0.0856  -0.0024  -0.0024  -0.0002   0.0000  -0.0003  -0.0003    0.122

  Surface # 5     vertical_stabilizer                     
     # Chordwise = 10   # Spanwise = 30     First strip =121
     Surface area =    1.336749       Ave. chord =    0.902233
     CLsurf  =   0.00000     Clsurf  =   0.00000
     CYsurf  =   0.00000     Cmsurf  =  -0.00000
     CDsurf  =  -0.00000     Cnsurf  =  -0.00000
     CDisurf =  -0.00000     CDvsurf =   0.00000

  Forces referred to Ssurf, Cave about hinge axis thru LE
     CLsurf  =  -0.00000     CDsurf  =  -0.00000
     Deflect =

 Strip Forces referred to Strip Area, Chord
    j      Yle    Chord     Area     c cl      ai      cl_norm  cl       cd       cdv    cm_c/4    cm_LE  C.P.x/c
   121   0.0000   1.2152   0.0161  -0.0000  -0.0000  -0.0000  -0.0000   0.0000   0.0000  -0.0000   0.0000    0.177
   122   0.0000   1.2078   0.0261  -0.0000  -0.0000  -0.0000  -0.0000   0.0000   0.0000  -0.0000   0.0000    0.167
   123   0.0000   1.1968   0.0358  -0.0000  -0.0000  -0.0000  -0.0000   0.0000   0.0000  -0.0000   0.0000    0.156
   124   0.0000   1.1824   0.0448  -0.0000  -0.0000  -0.0000  -0.0000  -0.0000   0.0000  -0.0000   0.0000    0.160
   125   0.0000   1.1646   0.0530  -0.0000  -0.0000  -0.0000  -0.0000  -0.0000   0.0000  -0.0000   0.0000    0.145
   126   0.0000   1.1454   0.0506  -0.0000  -0.0000  -0.0000  -0.0000  -0.0000   0.0000  -0.0000   0.0000    0.148
   127   0.0000   1.1254   0.0560  -0.0000  -0.0000  -0.0000  -0.0000  -0.0000   0.0000  -0.0000   0.0000    0.164
   128   0.0000   1.1031   0.0606  -0.0000  -0.0000  -0.0000  -0.0000   0.0000   0.0000  -0.0000   0.0000    0.162
   129   0.0000   1.0787   0.0642  -0.0000  -0.0000  -0.0000  -0.0000  -0.0000   0.0000  -0.0000   0.0000    0.183
   130   0.0000   1.0525   0.0669  -0.0000   0.0000  -0.0000  -0.0000  -0.0000   0.0000  -0.0000   0.0000    0.194
   131   0.0000   1.0247   0.0685  -0.0000  -0.0000  -0.0000  -0.0000  -0.0000   0.0000  -0.0000   0.0000    0.197
   132   0.0000   0.9956   0.0692  -0.0000  -0.0000  -0.0000  -0.0000  -0.0000   0.0000  -0.0000   0.0000    0.192
   133   0.0000   0.9655   0.0690  -0.0000  -0.0000  -0.0000  -0.0000  -0.0000   0.0000  -0.0000   0.0000    0.204
   134   0.0000   0.9348   0.0680  -0.0000  -0.0000  -0.0000  -0.0000   0.0000   0.0000  -0.0000   0.0000    0.201
   135   0.0000   0.9037   0.0662  -0.0000  -0.0000  -0.0000  -0.0000   0.0000   0.0000  -0.0000   0.0000    0.204
   136   0.0000   0.8726   0.0636  -0.0000  -0.0000  -0.0000  -0.0000   0.0000   0.0000  -0.0000   0.0000    0.203
   137   0.0000   0.8417   0.0605  -0.0000   0.0000  -0.0000  -0.0000  -0.0000   0.0000  -0.0000   0.0000    0.208
   138   0.0000   0.8114   0.0569  -0.0000  -0.0000  -0.0000  -0.0000  -0.0000   0.0000  -0.0000   0.0000    0.199
   139   0.0000   0.7821   0.0529  -0.0000  -0.0000  -0.0000  -0.0000  -0.0000   0.0000  -0.0000   0.0000    0.201
   140   0.0000   0.7540   0.0485  -0.0000   0.0000  -0.0000  -0.0000  -0.0000   0.0000  -0.0000   0.0000    0.200
   141   0.0000   0.7274   0.0440  -0.0000  -0.0000  -0.0000  -0.0000  -0.0000   0.0000  -0.0000   0.0000    0.196
   142   0.0000   0.7025   0.0393  -0.0000  -0.0000  -0.0000  -0.0000  -0.0000   0.0000  -0.0000   0.0000    0.188
   143   0.0000   0.6798   0.0346  -0.0000  -0.0000  -0.0000  -0.0000  -0.0000   0.0000  -0.0000   0.0000    0.186
   144   0.0000   0.6593   0.0298  -0.0000  -0.0000  -0.0000  -0.0000  -0.0000   0.0000  -0.0000   0.0000    0.173
   145   0.0000   0.6402   0.0283  -0.0000   0.0000  -0.0000  -0.0000  -0.0000   0.0000  -0.0000   0.0000    0.172
   146   0.0000   0.6229   0.0230  -0.0000   0.0000  -0.0000  -0.0000  -0.0000   0.0000  -0.0000   0.0000    0.164
   147   0.0000   0.6088   0.0177  -0.0000  -0.0000  -0.0000  -0.0000  -0.0000   0.0000  -0.0000   0.0000    0.153
   148   0.0000   0.5981   0.0126  -0.0000  -0.0000  -0.0000  -0.0000  -0.0000   0.0000  -0.0000   0.0000    0.144
   149   0.0000   0.5910   0.0075  -0.0000   0.0000  -0.0000  -0.0000  -0.0000   0.0000  -0.0000   0.0000    0.136
   150   0.0000   0.5874   0.0025  -0.0000  -0.0000  -0.0000  -0.0000  -0.0000   0.0000  -0.0000   0.0000    0.128
 ---------------------------------------------------------------
