 ---------------------------------------------------------------
 Surface and Strip Forces by surface

  Forces referred to Sref, Cref, Bref about Xref, Yref, Zref
 Standard axis orientation,  X fwd, Z down         

  Surface # 1     main_wing                               
     # Chordwise = 10   # Spanwise = 30     First strip =  1
     Surface area =    8.662745       Ave. chord =    1.689678
     CLsurf  =   0.16835     Clsurf  =  -0.03331
     CYsurf  =  -0.02074     Cmsurf  =  -0.07669
     CDsurf  =   0.00319     Cnsurf  =   0.00323
     CDisurf =   0.00319     CDvsurf =   0.00000

  Forces referred to Ssurf, Cave about hinge axis thru LE
     CLsurf  =   0.33634     CDsurf  =   0.00633
     Deflect =

 Strip Forces referred to Strip Area, Chord
    j      Yle    Chord     Area     c cl      ai      cl_norm  cl       cd       cdv    cm_c/4    cm_LE  C.P.x/c
     1   0.0034   2.1937   0.0299   0.9824   0.0104   0.4474   0.4474  -0.0216   0.0000  -0.1371  -0.2487    0.556
     2   0.0304   2.1884   0.0891   0.8011   0.0089   0.3665   0.3665   0.0061   0.0000  -0.1194  -0.2106    0.576
     3   0.0840   2.1777   0.1468   0.7875   0.0081   0.3621   0.3621   0.0073   0.0000  -0.1190  -0.2091    0.579
     4   0.1638   2.1619   0.2017   0.7852   0.0085   0.3637   0.3637   0.0080   0.0000  -0.1207  -0.2111    0.582
     5   0.2688   2.1410   0.2531   0.7840   0.0101   0.3666   0.3666   0.0075   0.0000  -0.1233  -0.2145    0.586
     6   0.3979   2.1154   0.3000   0.7878   0.0127   0.3730   0.3730   0.0098   0.0000  -0.1277  -0.2205    0.592
     7   0.5496   2.0852   0.3417   0.7913   0.0164   0.3801   0.3801   0.0097   0.0000  -0.1331  -0.2276    0.600
     8   0.7223   2.0509   0.3776   0.7892   0.0214   0.3854   0.3854   0.0100   0.0000  -0.1389  -0.2347    0.610
     9   0.9142   2.0128   0.4073   0.7880   0.0281   0.3921   0.3921   0.0108   0.0000  -0.1455  -0.2430    0.621
    10   1.1285   1.9703   0.4526   0.7774   0.0299   0.3951   0.3951   0.0102   0.0000  -0.1505  -0.2488    0.631
    11   1.3637   1.9236   0.4694   0.7591   0.0270   0.3952   0.3952   0.0099   0.0000  -0.1537  -0.2520    0.639
    12   1.6118   1.8743   0.4793   0.7318   0.0279   0.3910   0.3910   0.0087   0.0000  -0.1555  -0.2527    0.648
    13   1.8700   1.8230   0.4823   0.6979   0.0345   0.3834   0.3834   0.0082   0.0000  -0.1566  -0.2519    0.659
    14   2.1357   1.7703   0.4789   0.6610   0.0434   0.3739   0.3739   0.0074   0.0000  -0.1574  -0.2504    0.671
    15   2.4057   1.7167   0.4695   0.6226   0.0452   0.3631   0.3631   0.0062   0.0000  -0.1581  -0.2484    0.685
    16   2.6723   1.6637   0.4384   0.5835   0.0411   0.3511   0.3511   0.0050   0.0000  -0.1585  -0.2458    0.702
    17   2.9325   1.6120   0.4201   0.5433   0.0362   0.3374   0.3374   0.0048   0.0000  -0.1586  -0.2425    0.720
    18   3.1884   1.5612   0.3979   0.5052   0.0316   0.3239   0.3239   0.0037   0.0000  -0.1588  -0.2394    0.740
    19   3.4372   1.5118   0.3724   0.4663   0.0277   0.3087   0.3087   0.0029   0.0000  -0.1587  -0.2355    0.764
    20   3.6775   1.4641   0.3480   0.4285   0.0250   0.2930   0.2930   0.0028   0.0000  -0.1583  -0.2311    0.790
    21   3.9066   1.4186   0.3174   0.3919   0.0235   0.2765   0.2765   0.0027   0.0000  -0.1574  -0.2261    0.819
    22   4.1206   1.3761   0.2853   0.3567   0.0231   0.2594   0.2594   0.0025   0.0000  -0.1559  -0.2204    0.851
    23   4.3172   1.3370   0.2522   0.3236   0.0238   0.2422   0.2422   0.0018   0.0000  -0.1534  -0.2136    0.883
    24   4.4942   1.3019   0.2186   0.2906   0.0259   0.2234   0.2234   0.0016   0.0000  -0.1491  -0.2047    0.918
    25   4.6536   1.2702   0.1944   0.2593   0.0331   0.2043   0.2043   0.0020   0.0000  -0.1419  -0.1927    0.945
    26   4.7929   1.2426   0.1585   0.2251   0.0452   0.1813   0.1813   0.0032   0.0000  -0.1301  -0.1751    0.967
    27   4.9062   1.2201   0.1229   0.1864   0.0582   0.1530   0.1530   0.0038   0.0000  -0.1128  -0.1508    0.987
    28   4.9923   1.2030   0.0875   0.1409   0.0716   0.1173   0.1173   0.0042   0.0000  -0.0888  -0.1179    1.007
    29   5.0502   1.1915   0.0524   0.0886   0.0845   0.0745   0.0745   0.0040   0.0000  -0.0576  -0.0761    1.023
    30   5.0794   1.1857   0.0174   0.0304   0.0934   0.0257   0.0257   0.0018   0.0000  -0.0201  -0.0265    1.030

  Surface # 2     main_wing (YDUP)                        
     # Chordwise = 10   # Spanwise = 30     First strip = 31
     Surface area =    8.662745       Ave. chord =    1.689678
     CLsurf  =   0.16835     Clsurf  =   0.03331
     CYsurf  =   0.02074     Cmsurf  =  -0.07669
     CDsurf  =   0.00319     Cnsurf  =  -0.00323
     CDisurf =   0.00319     CDvsurf =   0.00000

  Forces referred to Ssurf, Cave about hinge axis thru LE
     CLsurf  =   0.33634     CDsurf  =   0.00633
     Deflect =

 Strip Forces referred to Strip Area, Chord
    j      Yle    Chord     Area     c cl      ai      cl_norm  cl       cd       cdv    cm_c/4    cm_LE  C.P.x/c
    31  -0.0034   2.1937   0.0299   0.9824   0.0104   0.4474   0.4474  -0.0217   0.0000  -0.1371   0.2487    0.556
    32  -0.0304   2.1884   0.0891   0.8011   0.0089   0.3665   0.3665   0.0061   0.0000  -0.1194   0.2106    0.576
    33  -0.0840   2.1777   0.1468   0.7875   0.0081   0.3621   0.3621   0.0073   0.0000  -0.1190   0.2091    0.579
    34  -0.1638   2.1619   0.2017   0.7852   0.0085   0.3637   0.3637   0.0080   0.0000  -0.1207   0.2111    0.582
    35  -0.2688   2.1410   0.2531   0.7840   0.0101   0.3666   0.3666   0.0075   0.0000  -0.1233   0.2145    0.586
    36  -0.3979   2.1154   0.3000   0.7878   0.0127   0.3730   0.3730   0.0098   0.0000  -0.1277   0.2205    0.592
    37  -0.5496   2.0852   0.3417   0.7913   0.0164   0.3801   0.3801   0.0097   0.0000  -0.1331   0.2276    0.600
    38  -0.7223   2.0509   0.3776   0.7892   0.0214   0.3854   0.3854   0.0100   0.0000  -0.1389   0.2347    0.610
    39  -0.9142   2.0128   0.4073   0.7880   0.0281   0.3921   0.3921   0.0108   0.0000  -0.1455   0.2430    0.621
    40  -1.1285   1.9703   0.4526   0.7774   0.0299   0.3951   0.3951   0.0102   0.0000  -0.1505   0.2488    0.631
    41  -1.3637   1.9236   0.4694   0.7591   0.0270   0.3952   0.3952   0.0099   0.0000  -0.1537   0.2520    0.639
    42  -1.6118   1.8743   0.4793   0.7318   0.0279   0.3910   0.3910   0.0087   0.0000  -0.1555   0.2527    0.648
    43  -1.8700   1.8230   0.4823   0.6979   0.0345   0.3834   0.3834   0.0082   0.0000  -0.1566   0.2519    0.659
    44  -2.1357   1.7703   0.4789   0.6610   0.0434   0.3739   0.3739   0.0074   0.0000  -0.1574   0.2504    0.671
    45  -2.4057   1.7167   0.4695   0.6226   0.0452   0.3631   0.3631   0.0062   0.0000  -0.1581   0.2484    0.685
    46  -2.6723   1.6637   0.4384   0.5835   0.0411   0.3511   0.3511   0.0050   0.0000  -0.1585   0.2458    0.702
    47  -2.9325   1.6120   0.4201   0.5433   0.0362   0.3374   0.3374   0.0048   0.0000  -0.1586   0.2425    0.720
    48  -3.1884   1.5612   0.3979   0.5052   0.0316   0.3239   0.3239   0.0037   0.0000  -0.1588   0.2394    0.740
    49  -3.4372   1.5118   0.3724   0.4663   0.0277   0.3087   0.3087   0.0029   0.0000  -0.1587   0.2355    0.764
    50  -3.6775   1.4641   0.3480   0.4285   0.0250   0.2930   0.2930   0.0028   0.0000  -0.1583   0.2311    0.790
    51  -3.9066   1.4186   0.3174   0.3919   0.0235   0.2765   0.2765   0.0027   0.0000  -0.1574   0.2261    0.819
    52  -4.1206   1.3761   0.2853   0.3567   0.0231   0.2594   0.2594   0.0025   0.0000  -0.1559   0.2204    0.851
    53  -4.3172   1.3370   0.2522   0.3236   0.0238   0.2422   0.2422   0.0018   0.0000  -0.1534   0.2136    0.883
    54  -4.4942   1.3019   0.2186   0.2906   0.0259   0.2234   0.2234   0.0016   0.0000  -0.1491   0.2047    0.918
    55  -4.6536   1.2702   0.1944   0.2593   0.0331   0.2043   0.2043   0.0020   0.0000  -0.1419   0.1927    0.945
    56  -4.7929   1.2426   0.1585   0.2251   0.0452   0.1813   0.1813   0.0032   0.0000  -0.1301   0.1751    0.967
    57  -4.9062   1.2201   0.1229   0.1864   0.0582   0.1530   0.1530   0.0038   0.0000  -0.1128   0.1508    0.987
    58  -4.9923   1.2030   0.0875   0.1409   0.0716   0.1173   0.1173   0.0042   0.0000  -0.0888   0.1179    1.007
    59  -5.0502   1.1915   0.0524   0.0886   0.0845   0.0745   0.0745   0.0040   0.0000  -0.0576   0.0761    1.023
    60  -5.0794   1.1857   0.0174   0.0304   0.0934   0.0257   0.0257   0.0018   0.0000  -0.0201   0.0265    1.030

  Surface # 3     horizontal_stabilizer                   
     # Chordwise = 10   # Spanwise = 30     First strip = 61
     Surface area =    2.000000       Ave. chord =    1.000000
     CLsurf  =  -0.03215     Clsurf  =   0.00272
     CYsurf  =  -0.00000     Cmsurf  =   0.08615
     CDsurf  =  -0.00058     Cnsurf  =  -0.00014
     CDisurf =  -0.00058     CDvsurf =   0.00000

  Forces referred to Ssurf, Cave about hinge axis thru LE
     CLsurf  =  -0.27615     CDsurf  =  -0.00498
     Deflect =

 Strip Forces referred to Strip Area, Chord
    j      Yle    Chord     Area     c cl      ai      cl_norm  cl       cd       cdv    cm_c/4    cm_LE  C.P.x/c
    61   0.0016   1.1973   0.0076  -0.3438  -0.0048  -0.2874  -0.2866   0.0211   0.0000  -0.0022   0.0692    0.242
    62   0.0142   1.1948   0.0226  -0.3437  -0.0046  -0.2888  -0.2879  -0.0014   0.0000  -0.0022   0.0693    0.242
    63   0.0394   1.1898   0.0373  -0.3436  -0.0042  -0.2900  -0.2891  -0.0032   0.0000  -0.0024   0.0694    0.242
    64   0.0768   1.1824   0.0513  -0.3434  -0.0039  -0.2916  -0.2907  -0.0040   0.0000  -0.0026   0.0696    0.241
    65   0.1222   1.1734   0.0549  -0.3430  -0.0036  -0.2936  -0.2926  -0.0040   0.0000  -0.0029   0.0698    0.240
    66   0.1738   1.1632   0.0653  -0.3422  -0.0033  -0.2955  -0.2946  -0.0047   0.0000  -0.0032   0.0700    0.239
    67   0.2344   1.1513   0.0747  -0.3406  -0.0030  -0.2971  -0.2962  -0.0050   0.0000  -0.0033   0.0703    0.239
    68   0.3034   1.1376   0.0830  -0.3397  -0.0028  -0.2999  -0.2990  -0.0053   0.0000  -0.0037   0.0706    0.238
    69   0.3800   1.1225   0.0900  -0.3378  -0.0026  -0.3022  -0.3013  -0.0052   0.0000  -0.0039   0.0709    0.237
    70   0.4634   1.1060   0.0957  -0.3351  -0.0025  -0.3043  -0.3034  -0.0057   0.0000  -0.0041   0.0712    0.236
    71   0.5527   1.0884   0.1000  -0.3317  -0.0024  -0.3061  -0.3052  -0.0057   0.0000  -0.0044   0.0714    0.236
    72   0.6469   1.0697   0.1030  -0.3274  -0.0024  -0.3074  -0.3065  -0.0059   0.0000  -0.0046   0.0715    0.235
    73   0.7450   1.0504   0.1046  -0.3222  -0.0025  -0.3081  -0.3071  -0.0063   0.0000  -0.0048   0.0714    0.234
    74   0.8459   1.0304   0.1050  -0.3158  -0.0027  -0.3078  -0.3069  -0.0065   0.0000  -0.0051   0.0711    0.233
    75   0.9484   1.0102   0.1040  -0.3082  -0.0031  -0.3064  -0.3055  -0.0064   0.0000  -0.0054   0.0705    0.232
    76   1.0516   0.9898   0.1019  -0.2992  -0.0036  -0.3037  -0.3027  -0.0064   0.0000  -0.0057   0.0695    0.231
    77   1.1541   0.9696   0.0987  -0.2889  -0.0044  -0.2993  -0.2984  -0.0062   0.0000  -0.0061   0.0680    0.230
    78   1.2550   0.9496   0.0946  -0.2770  -0.0053  -0.2930  -0.2921  -0.0060   0.0000  -0.0065   0.0660    0.228
    79   1.3531   0.9303   0.0896  -0.2637  -0.0065  -0.2847  -0.2838  -0.0057   0.0000  -0.0070   0.0635    0.225
    80   1.4473   0.9116   0.0838  -0.2488  -0.0078  -0.2741  -0.2732  -0.0054   0.0000  -0.0076   0.0603    0.222
    81   1.5366   0.8940   0.0773  -0.2323  -0.0094  -0.2610  -0.2602  -0.0051   0.0000  -0.0081   0.0565    0.219
    82   1.6200   0.8775   0.0703  -0.2143  -0.0110  -0.2452  -0.2445  -0.0045   0.0000  -0.0087   0.0521    0.214
    83   1.6966   0.8624   0.0629  -0.1947  -0.0127  -0.2268  -0.2261  -0.0040   0.0000  -0.0092   0.0470    0.209
    84   1.7656   0.8487   0.0551  -0.1738  -0.0144  -0.2056  -0.2050  -0.0034   0.0000  -0.0095   0.0415    0.204
    85   1.8262   0.8368   0.0470  -0.1516  -0.0160  -0.1819  -0.1813  -0.0027   0.0000  -0.0095   0.0355    0.197
    86   1.8778   0.8266   0.0387  -0.1282  -0.0175  -0.1557  -0.1552  -0.0022   0.0000  -0.0092   0.0294    0.191
    87   1.9232   0.8176   0.0355  -0.1027  -0.0189  -0.1262  -0.1258  -0.0015   0.0000  -0.0084   0.0229    0.183
    88   1.9606   0.8102   0.0254  -0.0745  -0.0201  -0.0923  -0.0920  -0.0009   0.0000  -0.0068   0.0161    0.176
    89   1.9858   0.8052   0.0153  -0.0451  -0.0211  -0.0563  -0.0561  -0.0004   0.0000  -0.0045   0.0095    0.170
    90   1.9984   0.8027   0.0051  -0.0151  -0.0217  -0.0189  -0.0188  -0.0002   0.0000  -0.0016   0.0031    0.167

  Surface # 4     horizontal_stabilizer (YDUP)            
     # Chordwise = 10   # Spanwise = 30     First strip = 91
     Surface area =    2.000000       Ave. chord =    1.000000
     CLsurf  =  -0.03215     Clsurf  =  -0.00272
     CYsurf  =   0.00000     Cmsurf  =   0.08615
     CDsurf  =  -0.00058     Cnsurf  =   0.00014
     CDisurf =  -0.00058     CDvsurf =   0.00000

  Forces referred to Ssurf, Cave about hinge axis thru LE
     CLsurf  =  -0.27615     CDsurf  =  -0.00498
     Deflect =

 Strip Forces referred to Strip Area, Chord
    j      Yle    Chord     Area     c cl      ai      cl_norm  cl       cd       cdv    cm_c/4    cm_LE  C.P.x/c
    91  -0.0016   1.1973   0.0076  -0.3438  -0.0048  -0.2874  -0.2866   0.0211   0.0000  -0.0022  -0.0692    0.242
    92  -0.0142   1.1948   0.0226  -0.3437  -0.0046  -0.2888  -0.2879  -0.0014   0.0000  -0.0022  -0.0693    0.242
    93  -0.0394   1.1898   0.0373  -0.3436  -0.0042  -0.2900  -0.2891  -0.0032   0.0000  -0.0024  -0.0694    0.242
    94  -0.0768   1.1824   0.0513  -0.3434  -0.0039  -0.2916  -0.2907  -0.0040   0.0000  -0.0026  -0.0696    0.241
    95  -0.1222   1.1734   0.0549  -0.3430  -0.0036  -0.2936  -0.2926  -0.0040   0.0000  -0.0029  -0.0698    0.240
    96  -0.1738   1.1632   0.0653  -0.3422  -0.0033  -0.2955  -0.2946  -0.0047   0.0000  -0.0032  -0.0700    0.239
    97  -0.2344   1.1513   0.0747  -0.3406  -0.0030  -0.2971  -0.2962  -0.0050   0.0000  -0.0033  -0.0703    0.239
    98  -0.3034   1.1376   0.0830  -0.3397  -0.0028  -0.2999  -0.2990  -0.0053   0.0000  -0.0037  -0.0706    0.238
    99  -0.3800   1.1225   0.0900  -0.3378  -0.0026  -0.3022  -0.3013  -0.0052   0.0000  -0.0039  -0.0709    0.237
   100  -0.4634   1.1060   0.0957  -0.3351  -0.0025  -0.3043  -0.3034  -0.0057   0.0000  -0.0041  -0.0712    0.236
   101  -0.5527   1.0884   0.1000  -0.3317  -0.0024  -0.3061  -0.3052  -0.0057   0.0000  -0.0044  -0.0714    0.236
   102  -0.6469   1.0697   0.1030  -0.3274  -0.0024  -0.3074  -0.3065  -0.0059   0.0000  -0.0046  -0.0715    0.235
   103  -0.7450   1.0504   0.1046  -0.3222  -0.0025  -0.3081  -0.3071  -0.0063   0.0000  -0.0048  -0.0714    0.234
   104  -0.8459   1.0304   0.1050  -0.3158  -0.0027  -0.3078  -0.3069  -0.0065   0.0000  -0.0051  -0.0711    0.233
   105  -0.9484   1.0102   0.1040  -0.3082  -0.0031  -0.3064  -0.3055  -0.0064   0.0000  -0.0054  -0.0705    0.232
   106  -1.0516   0.9898   0.1019  -0.2992  -0.0036  -0.3037  -0.3027  -0.0064   0.0000  -0.0057  -0.0695    0.231
   107  -1.1541   0.9696   0.0987  -0.2889  -0.0044  -0.2993  -0.2984  -0.0062   0.0000  -0.0061  -0.0680    0.230
   108  -1.2550   0.9496   0.0946  -0.2770  -0.0053  -0.2930  -0.2921  -0.0060   0.0000  -0.0065  -0.0660    0.228
   109  -1.3531   0.9303   0.0896  -0.2637  -0.0065  -0.2847  -0.2838  -0.0057   0.0000  -0.0070  -0.0635    0.225
   110  -1.4473   0.9116   0.0838  -0.2488  -0.0078  -0.2741  -0.2732  -0.0054   0.0000  -0.0076  -0.0603    0.222
   111  -1.5366   0.8940   0.0773  -0.2323  -0.0094  -0.2610  -0.2602  -0.0051   0.0000  -0.0081  -0.0565    0.219
   112  -1.6200   0.8775   0.0703  -0.2143  -0.0110  -0.2452  -0.2445  -0.0045   0.0000  -0.0087  -0.0521    0.214
   113  -1.6966   0.8624   0.0629  -0.1947  -0.0127  -0.2268  -0.2261  -0.0040   0.0000  -0.0092  -0.0470    0.209
   114  -1.7656   0.8487   0.0551  -0.1738  -0.0144  -0.2056  -0.2050  -0.0034   0.0000  -0.0095  -0.0415    0.204
   115  -1.8262   0.8368   0.0470  -0.1516  -0.0160  -0.1819  -0.1813  -0.0027   0.0000  -0.0095  -0.0355    0.197
   116  -1.8778   0.8266   0.0387  -0.1282  -0.0175  -0.1557  -0.1552  -0.0022   0.0000  -0.0092  -0.0294    0.191
   117  -1.9232   0.8176   0.0355  -0.1027  -0.0189  -0.1262  -0.1258  -0.0015   0.0000  -0.0084  -0.0229    0.183
   118  -1.9606   0.8102   0.0254  -0.0745  -0.0201  -0.0923  -0.0920  -0.0009   0.0000  -0.0068  -0.0161    0.176
   119  -1.9858   0.8052   0.0153  -0.0451  -0.0211  -0.0563  -0.0561  -0.0004   0.0000  -0.0045  -0.0095    0.170
   120  -1.9984   0.8027   0.0051  -0.0151  -0.0217  -0.0189  -0.0188  -0.0002   0.0000  -0.0016  -0.0031    0.167

  Surface # 5     vertical_stabilizer                     
     # Chordwise = 10   # Spanwise = 30     First strip =121
     Surface area =    1.336749       Ave. chord =    0.902233
     CLsurf  =   0.00000     Clsurf  =  -0.00000
     CYsurf  =  -0.00000     Cmsurf  =  -0.00000
     CDsurf  =  -0.00000     Cnsurf  =   0.00000
     CDisurf =  -0.00000     CDvsurf =   0.00000

  Forces referred to Ssurf, Cave about hinge axis thru LE
     CLsurf  =   0.00000     CDsurf  =  -0.00000
     Deflect =

 Strip Forces referred to Strip Area, Chord
    j      Yle    Chord     Area     c cl      ai      cl_norm  cl       cd       cdv    cm_c/4    cm_LE  C.P.x/c
   121   0.0000   1.2152   0.0161   0.0000  -0.0000   0.0000   0.0000  -0.0000   0.0000   0.0000  -0.0000    0.234
   122   0.0000   1.2078   0.0261   0.0000  -0.0000   0.0000   0.0000   0.0000   0.0000   0.0000  -0.0000    0.195
   123   0.0000   1.1968   0.0358   0.0000  -0.0000   0.0000   0.0000  -0.0000   0.0000   0.0000  -0.0000    0.208
   124   0.0000   1.1824   0.0448   0.0000  -0.0000   0.0000   0.0000  -0.0000   0.0000   0.0000  -0.0000    0.227
   125   0.0000   1.1646   0.0530   0.0000  -0.0000   0.0000   0.0000   0.0000   0.0000   0.0000  -0.0000    0.229
   126   0.0000   1.1454   0.0506   0.0000  -0.0000   0.0000   0.0000  -0.0000   0.0000   0.0000  -0.0000    0.225
   127   0.0000   1.1254   0.0560   0.0000  -0.0000   0.0000   0.0000  -0.0000   0.0000   0.0000  -0.0000    0.229
   128   0.0000   1.1031   0.0606   0.0000  -0.0000   0.0000   0.0000  -0.0000   0.0000   0.0000  -0.0000    0.223
   129   0.0000   1.0787   0.0642   0.0000  -0.0000   0.0000   0.0000  -0.0000   0.0000   0.0000  -0.0000    0.211
   130   0.0000   1.0525   0.0669   0.0000  -0.0000   0.0000   0.0000   0.0000   0.0000   0.0000  -0.0000    0.234
   131   0.0000   1.0247   0.0685   0.0000  -0.0000   0.0000   0.0000  -0.0000   0.0000   0.0000  -0.0000    0.231
   132   0.0000   0.9956   0.0692   0.0000  -0.0000   0.0000   0.0000  -0.0000   0.0000   0.0000  -0.0000    0.239
   133   0.0000   0.9655   0.0690   0.0000  -0.0000   0.0000   0.0000  -0.0000   0.0000   0.0000  -0.0000    0.228
   134   0.0000   0.9348   0.0680   0.0000  -0.0000   0.0000   0.0000  -0.0000   0.0000   0.0000  -0.0000    0.214
   135   0.0000   0.9037   0.0662   0.0000  -0.0000   0.0000   0.0000  -0.0000   0.0000   0.0000  -0.0000    0.245
   136   0.0000   0.8726   0.0636   0.0000  -0.0000   0.0000   0.0000  -0.0000   0.0000   0.0000  -0.0000    0.243
   137   0.0000   0.8417   0.0605   0.0000  -0.0000   0.0000   0.0000  -0.0000   0.0000  -0.0000  -0.0000    0.253
   138   0.0000   0.8114   0.0569   0.0000  -0.0000   0.0000   0.0000  -0.0000   0.0000  -0.0000  -0.0000    0.264
   139   0.0000   0.7821   0.0529   0.0000  -0.0000   0.0000   0.0000  -0.0000   0.0000  -0.0000  -0.0000    0.254
   140   0.0000   0.7540   0.0485   0.0000  -0.0000   0.0000   0.0000  -0.0000   0.0000   0.0000  -0.0000    0.249
   141   0.0000   0.7274   0.0440   0.0000  -0.0000   0.0000   0.0000  -0.0000   0.0000  -0.0000  -0.0000    0.251
   142   0.0000   0.7025   0.0393   0.0000  -0.0000   0.0000   0.0000  -0.0000   0.0000   0.0000  -0.0000    0.237
   143   0.0000   0.6798   0.0346   0.0000  -0.0000   0.0000   0.0000  -0.0000   0.0000   0.0000  -0.0000    0.234
   144   0.0000   0.6593   0.0298   0.0000  -0.0000   0.0000   0.0000  -0.0000   0.0000   0.0000  -0.0000    0.216
   145   0.0000   0.6402   0.0283   0.0000  -0.0000   0.0000   0.0000  -0.0000   0.0000   0.0000  -0.0000    0.220
   146   0.0000   0.6229   0.0230   0.0000  -0.0000   0.0000   0.0000  -0.0000   0.0000   0.0000  -0.0000    0.236
   147   0.0000   0.6088   0.0177   0.0000   0.0000   0.0000   0.0000  -0.0000   0.0000   0.0000  -0.0000    0.238
   148   0.0000   0.5981   0.0126   0.0000  -0.0000   0.0000   0.0000  -0.0000   0.0000   0.0000  -0.0000    0.230
   149   0.0000   0.5910   0.0075   0.0000  -0.0000   0.0000   0.0000  -0.0000   0.0000   0.0000  -0.0000    0.213
   150   0.0000   0.5874   0.0025   0.0000  -0.0000   0.0000   0.0000  -0.0000   0.0000   0.0000  -0.0000    0.210
 ---------------------------------------------------------------
