 ---------------------------------------------------------------
 Surface and Strip Forces by surface

  Forces referred to Sref, Cref, Bref about Xref, Yref, Zref
 Standard axis orientation,  X fwd, Z down         

  Surface # 1     main_wing                               
     # Chordwise = 10   # Spanwise = 30     First strip =  1
     Surface area =    8.662745       Ave. chord =    1.689678
     CLsurf  =   0.65023     Clsurf  =  -0.13141
     CYsurf  =  -0.08897     Cmsurf  =  -0.13086
     CDsurf  =   0.04432     Cnsurf  =   0.00062
     CDisurf =   0.04432     CDvsurf =   0.00000

  Forces referred to Ssurf, Cave about hinge axis thru LE
     CLsurf  =   1.30133     CDsurf  =   0.08789
     Deflect =

 Strip Forces referred to Strip Area, Chord
    j      Yle    Chord     Area     c cl      ai      cl_norm  cl       cd       cdv    cm_c/4    cm_LE  C.P.x/c
     1   0.0034   2.1937   0.0299   6.0356   0.1330   2.7642   2.7636  -0.0227   0.0000  -0.4081  -1.0949    0.398
     2   0.0304   2.1884   0.0891   3.2295   0.1313   1.4725   1.4722   0.1052   0.0000  -0.2278  -0.5964    0.405
     3   0.0840   2.1777   0.1468   3.0109   0.1291   1.3788   1.3785   0.1071   0.0000  -0.2150  -0.5603    0.406
     4   0.1638   2.1619   0.2017   2.9578   0.1283   1.3642   1.3639   0.1087   0.0000  -0.2142  -0.5559    0.407
     5   0.2688   2.1410   0.2531   2.9250   0.1285   1.3626   1.3623   0.1034   0.0000  -0.2161  -0.5573    0.409
     6   0.3979   2.1154   0.3000   2.9418   0.1299   1.3860   1.3857   0.1170   0.0000  -0.2237  -0.5710    0.411
     7   0.5496   2.0852   0.3417   2.9543   0.1324   1.4128   1.4125   0.1107   0.0000  -0.2358  -0.5896    0.417
     8   0.7223   2.0509   0.3776   2.9103   0.1363   1.4156   1.4153   0.1040   0.0000  -0.2410  -0.5954    0.420
     9   0.9142   2.0128   0.4073   2.8691   0.1418   1.4218   1.4215   0.1069   0.0000  -0.2475  -0.6035    0.424
    10   1.1285   1.9703   0.4526   2.8402   0.1420   1.4380   1.4377   0.1069   0.0000  -0.2570  -0.6171    0.429
    11   1.3637   1.9236   0.4694   2.7917   0.1366   1.4481   1.4478   0.1034   0.0000  -0.2626  -0.6250    0.431
    12   1.6118   1.8743   0.4793   2.7145   0.1339   1.4453   1.4450   0.1002   0.0000  -0.2657  -0.6274    0.434
    13   1.8700   1.8230   0.4823   2.6173   0.1350   1.4327   1.4324   0.0998   0.0000  -0.2676  -0.6262    0.437
    14   2.1357   1.7703   0.4789   2.5211   0.1377   1.4214   1.4211   0.0964   0.0000  -0.2693  -0.6249    0.439
    15   2.4057   1.7167   0.4695   2.4181   0.1357   1.4062   1.4059   0.0918   0.0000  -0.2707  -0.6225    0.443
    16   2.6723   1.6637   0.4384   2.3137   0.1304   1.3888   1.3885   0.0854   0.0000  -0.2714  -0.6187    0.445
    17   2.9325   1.6120   0.4201   2.1905   0.1251   1.3569   1.3566   0.0841   0.0000  -0.2702  -0.6095    0.449
    18   3.1884   1.5612   0.3979   2.0767   0.1205   1.3287   1.3284   0.0780   0.0000  -0.2696  -0.6018    0.453
    19   3.4372   1.5118   0.3724   1.9470   0.1169   1.2866   1.2863   0.0734   0.0000  -0.2669  -0.5885    0.458
    20   3.6775   1.4641   0.3480   1.8119   0.1148   1.2363   1.2361   0.0711   0.0000  -0.2629  -0.5719    0.463
    21   3.9066   1.4186   0.3174   1.6718   0.1143   1.1772   1.1770   0.0687   0.0000  -0.2572  -0.5514    0.468
    22   4.1206   1.3761   0.2853   1.5270   0.1150   1.1084   1.1082   0.0651   0.0000  -0.2492  -0.5262    0.475
    23   4.3172   1.3370   0.2522   1.3787   0.1169   1.0300   1.0298   0.0599   0.0000  -0.2387  -0.4961    0.482
    24   4.4942   1.3019   0.2186   1.2228   0.1202   0.9381   0.9379   0.0554   0.0000  -0.2243  -0.4588    0.489
    25   4.6536   1.2702   0.1944   1.0650   0.1281   0.8373   0.8371   0.0509   0.0000  -0.2058  -0.4151    0.496
    26   4.7929   1.2426   0.1585   0.8908   0.1402   0.7155   0.7153   0.0491   0.0000  -0.1808  -0.3597    0.503
    27   4.9062   1.2201   0.1229   0.7084   0.1525   0.5792   0.5791   0.0429   0.0000  -0.1500  -0.2949    0.509
    28   4.9923   1.2030   0.0875   0.5150   0.1645   0.4268   0.4267   0.0343   0.0000  -0.1131  -0.2200    0.515
    29   5.0502   1.1915   0.0524   0.3137   0.1750   0.2624   0.2623   0.0229   0.0000  -0.0708  -0.1365    0.520
    30   5.0794   1.1857   0.0174   0.1059   0.1815   0.0889   0.0889   0.0086   0.0000  -0.0242  -0.0465    0.522

  Surface # 2     main_wing (YDUP)                        
     # Chordwise = 10   # Spanwise = 30     First strip = 31
     Surface area =    8.662745       Ave. chord =    1.689678
     CLsurf  =   0.65023     Clsurf  =   0.13141
     CYsurf  =   0.08897     Cmsurf  =  -0.13086
     CDsurf  =   0.04432     Cnsurf  =  -0.00062
     CDisurf =   0.04432     CDvsurf =   0.00000

  Forces referred to Ssurf, Cave about hinge axis thru LE
     CLsurf  =   1.30133     CDsurf  =   0.08789
     Deflect =

 Strip Forces referred to Strip Area, Chord
    j      Yle    Chord     Area     c cl      ai      cl_norm  cl       cd       cdv    cm_c/4    cm_LE  C.P.x/c
    31  -0.0034   2.1937   0.0299   6.0356   0.1330   2.7642   2.7636  -0.0227   0.0000  -0.4081   1.0949    0.398
    32  -0.0304   2.1884   0.0891   3.2295   0.1313   1.4725   1.4722   0.1052   0.0000  -0.2278   0.5964    0.405
    33  -0.0840   2.1777   0.1468   3.0109   0.1291   1.3788   1.3785   0.1071   0.0000  -0.2150   0.5603    0.406
    34  -0.1638   2.1619   0.2017   2.9578   0.1282   1.3642   1.3639   0.1087   0.0000  -0.2142   0.5559    0.407
    35  -0.2688   2.1410   0.2531   2.9250   0.1285   1.3626   1.3623   0.1034   0.0000  -0.2161   0.5573    0.409
    36  -0.3979   2.1154   0.3000   2.9418   0.1299   1.3860   1.3857   0.1170   0.0000  -0.2237   0.5710    0.411
    37  -0.5496   2.0852   0.3417   2.9543   0.1325   1.4128   1.4125   0.1107   0.0000  -0.2358   0.5896    0.417
    38  -0.7223   2.0509   0.3776   2.9103   0.1363   1.4156   1.4153   0.1040   0.0000  -0.2410   0.5954    0.420
    39  -0.9142   2.0128   0.4073   2.8691   0.1418   1.4218   1.4215   0.1069   0.0000  -0.2475   0.6035    0.424
    40  -1.1285   1.9703   0.4526   2.8402   0.1420   1.4380   1.4377   0.1069   0.0000  -0.2570   0.6171    0.429
    41  -1.3637   1.9236   0.4694   2.7917   0.1366   1.4481   1.4478   0.1034   0.0000  -0.2626   0.6250    0.431
    42  -1.6118   1.8743   0.4793   2.7145   0.1339   1.4453   1.4450   0.1002   0.0000  -0.2657   0.6274    0.434
    43  -1.8700   1.8230   0.4823   2.6173   0.1350   1.4327   1.4324   0.0998   0.0000  -0.2676   0.6262    0.437
    44  -2.1357   1.7703   0.4789   2.5211   0.1377   1.4214   1.4211   0.0964   0.0000  -0.2693   0.6249    0.439
    45  -2.4057   1.7167   0.4695   2.4181   0.1357   1.4062   1.4059   0.0918   0.0000  -0.2707   0.6225    0.443
    46  -2.6723   1.6637   0.4384   2.3137   0.1304   1.3888   1.3885   0.0854   0.0000  -0.2714   0.6187    0.445
    47  -2.9325   1.6120   0.4201   2.1905   0.1251   1.3569   1.3566   0.0841   0.0000  -0.2702   0.6095    0.449
    48  -3.1884   1.5612   0.3979   2.0767   0.1205   1.3287   1.3284   0.0780   0.0000  -0.2696   0.6018    0.453
    49  -3.4372   1.5118   0.3724   1.9470   0.1169   1.2866   1.2863   0.0734   0.0000  -0.2669   0.5885    0.458
    50  -3.6775   1.4641   0.3480   1.8119   0.1148   1.2363   1.2361   0.0711   0.0000  -0.2629   0.5719    0.463
    51  -3.9066   1.4186   0.3174   1.6718   0.1143   1.1772   1.1770   0.0687   0.0000  -0.2572   0.5514    0.468
    52  -4.1206   1.3761   0.2853   1.5270   0.1150   1.1084   1.1082   0.0651   0.0000  -0.2492   0.5262    0.475
    53  -4.3172   1.3370   0.2522   1.3786   0.1169   1.0300   1.0298   0.0599   0.0000  -0.2387   0.4961    0.482
    54  -4.4942   1.3019   0.2186   1.2227   0.1202   0.9381   0.9379   0.0554   0.0000  -0.2243   0.4588    0.489
    55  -4.6536   1.2702   0.1944   1.0650   0.1281   0.8373   0.8371   0.0508   0.0000  -0.2058   0.4151    0.496
    56  -4.7929   1.2426   0.1585   0.8908   0.1402   0.7155   0.7153   0.0491   0.0000  -0.1808   0.3597    0.503
    57  -4.9062   1.2201   0.1229   0.7084   0.1525   0.5792   0.5791   0.0429   0.0000  -0.1500   0.2949    0.509
    58  -4.9923   1.2030   0.0875   0.5150   0.1645   0.4268   0.4267   0.0343   0.0000  -0.1131   0.2200    0.515
    59  -5.0502   1.1915   0.0524   0.3137   0.1750   0.2624   0.2623   0.0229   0.0000  -0.0708   0.1365    0.520
    60  -5.0794   1.1857   0.0174   0.1059   0.1815   0.0889   0.0889   0.0086   0.0000  -0.0242   0.0465    0.522

  Surface # 3     horizontal_stabilizer                   
     # Chordwise = 10   # Spanwise = 30     First strip = 61
     Surface area =    2.000000       Ave. chord =    1.000000
     CLsurf  =  -0.02145     Clsurf  =   0.00184
     CYsurf  =   0.00035     Cmsurf  =   0.05768
     CDsurf  =  -0.00239     Cnsurf  =  -0.00022
     CDisurf =  -0.00239     CDvsurf =   0.00000

  Forces referred to Ssurf, Cave about hinge axis thru LE
     CLsurf  =  -0.18422     CDsurf  =  -0.02057
     Deflect =

 Strip Forces referred to Strip Area, Chord
    j      Yle    Chord     Area     c cl      ai      cl_norm  cl       cd       cdv    cm_c/4    cm_LE  C.P.x/c
    61   0.0016   1.1973   0.0076  -0.2263   0.1076  -0.1905  -0.1900   0.0024   0.0000  -0.0048   0.0423    0.225
    62   0.0142   1.1948   0.0226  -0.2263   0.1076  -0.1891  -0.1886  -0.0180   0.0000  -0.0048   0.0423    0.225
    63   0.0394   1.1898   0.0373  -0.2263   0.1077  -0.1898  -0.1892  -0.0196   0.0000  -0.0049   0.0424    0.224
    64   0.0768   1.1824   0.0513  -0.2262   0.1078  -0.1909  -0.1903  -0.0202   0.0000  -0.0051   0.0425    0.223
    65   0.1222   1.1734   0.0549  -0.2261   0.1078  -0.1922  -0.1916  -0.0204   0.0000  -0.0053   0.0426    0.222
    66   0.1738   1.1632   0.0653  -0.2260   0.1077  -0.1938  -0.1932  -0.0208   0.0000  -0.0056   0.0427    0.221
    67   0.2344   1.1513   0.0747  -0.2253   0.1076  -0.1952  -0.1946  -0.0212   0.0000  -0.0059   0.0428    0.220
    68   0.3034   1.1376   0.0830  -0.2252   0.1073  -0.1975  -0.1969  -0.0215   0.0000  -0.0063   0.0429    0.218
    69   0.3800   1.1225   0.0900  -0.2246   0.1069  -0.1996  -0.1990  -0.0218   0.0000  -0.0067   0.0431    0.216
    70   0.4634   1.1060   0.0957  -0.2237   0.1064  -0.2017  -0.2011  -0.0223   0.0000  -0.0071   0.0432    0.214
    71   0.5527   1.0884   0.1000  -0.2224   0.1058  -0.2038  -0.2032  -0.0225   0.0000  -0.0076   0.0432    0.213
    72   0.6469   1.0697   0.1030  -0.2205   0.1052  -0.2056  -0.2049  -0.0230   0.0000  -0.0081   0.0432    0.210
    73   0.7450   1.0504   0.1046  -0.2179   0.1045  -0.2069  -0.2062  -0.0233   0.0000  -0.0086   0.0430    0.208
    74   0.8459   1.0304   0.1050  -0.2144   0.1039  -0.2075  -0.2068  -0.0235   0.0000  -0.0091   0.0427    0.206
    75   0.9484   1.0102   0.1040  -0.2099   0.1032  -0.2072  -0.2065  -0.0236   0.0000  -0.0096   0.0421    0.204
    76   1.0516   0.9898   0.1019  -0.2042   0.1025  -0.2057  -0.2051  -0.0235   0.0000  -0.0100   0.0413    0.201
    77   1.1541   0.9696   0.0987  -0.1973   0.1018  -0.2029  -0.2023  -0.0232   0.0000  -0.0104   0.0402    0.198
    78   1.2550   0.9496   0.0946  -0.1891   0.1011  -0.1985  -0.1979  -0.0227   0.0000  -0.0108   0.0388    0.195
    79   1.3531   0.9303   0.0896  -0.1796   0.1004  -0.1925  -0.1919  -0.0221   0.0000  -0.0111   0.0370    0.192
    80   1.4473   0.9116   0.0838  -0.1689   0.0997  -0.1847  -0.1842  -0.0212   0.0000  -0.0113   0.0348    0.188
    81   1.5366   0.8940   0.0773  -0.1571   0.0991  -0.1751  -0.1746  -0.0201   0.0000  -0.0114   0.0323    0.184
    82   1.6200   0.8775   0.0703  -0.1441   0.0984  -0.1637  -0.1632  -0.0188   0.0000  -0.0114   0.0295    0.180
    83   1.6966   0.8624   0.0629  -0.1302   0.0978  -0.1505  -0.1501  -0.0172   0.0000  -0.0112   0.0264    0.175
    84   1.7656   0.8487   0.0551  -0.1155   0.0972  -0.1356  -0.1352  -0.0155   0.0000  -0.0108   0.0231    0.170
    85   1.8262   0.8368   0.0470  -0.1001   0.0967  -0.1193  -0.1189  -0.0136   0.0000  -0.0101   0.0197    0.165
    86   1.8778   0.8266   0.0387  -0.0841   0.0963  -0.1015  -0.1012  -0.0116   0.0000  -0.0091   0.0163    0.160
    87   1.9232   0.8176   0.0355  -0.0671   0.0959  -0.0818  -0.0815  -0.0093   0.0000  -0.0078   0.0127    0.155
    88   1.9606   0.8102   0.0254  -0.0484   0.0955  -0.0595  -0.0594  -0.0067   0.0000  -0.0059   0.0089    0.150
    89   1.9858   0.8052   0.0153  -0.0292   0.0953  -0.0362  -0.0361  -0.0041   0.0000  -0.0037   0.0053    0.146
    90   1.9984   0.8027   0.0051  -0.0098   0.0951  -0.0121  -0.0121  -0.0015   0.0000  -0.0013   0.0018    0.144

  Surface # 4     horizontal_stabilizer (YDUP)            
     # Chordwise = 10   # Spanwise = 30     First strip = 91
     Surface area =    2.000000       Ave. chord =    1.000000
     CLsurf  =  -0.02145     Clsurf  =  -0.00184
     CYsurf  =  -0.00035     Cmsurf  =   0.05768
     CDsurf  =  -0.00239     Cnsurf  =   0.00022
     CDisurf =  -0.00239     CDvsurf =   0.00000

  Forces referred to Ssurf, Cave about hinge axis thru LE
     CLsurf  =  -0.18421     CDsurf  =  -0.02057
     Deflect =

 Strip Forces referred to Strip Area, Chord
    j      Yle    Chord     Area     c cl      ai      cl_norm  cl       cd       cdv    cm_c/4    cm_LE  C.P.x/c
    91  -0.0016   1.1973   0.0076  -0.2263   0.1076  -0.1905  -0.1900   0.0024   0.0000  -0.0048  -0.0423    0.225
    92  -0.0142   1.1948   0.0226  -0.2263   0.1076  -0.1891  -0.1886  -0.0180   0.0000  -0.0048  -0.0423    0.225
    93  -0.0394   1.1898   0.0373  -0.2263   0.1077  -0.1898  -0.1892  -0.0196   0.0000  -0.0049  -0.0424    0.224
    94  -0.0768   1.1824   0.0513  -0.2262   0.1078  -0.1909  -0.1903  -0.0202   0.0000  -0.0051  -0.0425    0.223
    95  -0.1222   1.1734   0.0549  -0.2261   0.1078  -0.1922  -0.1916  -0.0204   0.0000  -0.0053  -0.0426    0.222
    96  -0.1738   1.1632   0.0653  -0.2260   0.1077  -0.1938  -0.1932  -0.0208   0.0000  -0.0056  -0.0427    0.221
    97  -0.2344   1.1513   0.0747  -0.2253   0.1076  -0.1952  -0.1946  -0.0212   0.0000  -0.0059  -0.0428    0.220
    98  -0.3034   1.1376   0.0830  -0.2252   0.1073  -0.1975  -0.1969  -0.0215   0.0000  -0.0063  -0.0429    0.218
    99  -0.3800   1.1225   0.0900  -0.2246   0.1069  -0.1996  -0.1990  -0.0218   0.0000  -0.0067  -0.0431    0.216
   100  -0.4634   1.1060   0.0957  -0.2237   0.1064  -0.2017  -0.2011  -0.0223   0.0000  -0.0071  -0.0432    0.214
   101  -0.5527   1.0884   0.1000  -0.2224   0.1058  -0.2038  -0.2032  -0.0225   0.0000  -0.0076  -0.0432    0.213
   102  -0.6469   1.0697   0.1030  -0.2205   0.1052  -0.2056  -0.2049  -0.0230   0.0000  -0.0081  -0.0432    0.210
   103  -0.7450   1.0504   0.1046  -0.2179   0.1045  -0.2069  -0.2062  -0.0233   0.0000  -0.0086  -0.0430    0.208
   104  -0.8459   1.0304   0.1050  -0.2144   0.1039  -0.2075  -0.2068  -0.0235   0.0000  -0.0091  -0.0427    0.206
   105  -0.9484   1.0102   0.1040  -0.2099   0.1032  -0.2072  -0.2065  -0.0236   0.0000  -0.0096  -0.0421    0.204
   106  -1.0516   0.9898   0.1019  -0.2042   0.1025  -0.2057  -0.2051  -0.0235   0.0000  -0.0100  -0.0413    0.201
   107  -1.1541   0.9696   0.0987  -0.1973   0.1018  -0.2029  -0.2023  -0.0232   0.0000  -0.0104  -0.0402    0.198
   108  -1.2550   0.9496   0.0946  -0.1891   0.1011  -0.1985  -0.1979  -0.0227   0.0000  -0.0108  -0.0388    0.195
   109  -1.3531   0.9303   0.0896  -0.1796   0.1004  -0.1925  -0.1919  -0.0221   0.0000  -0.0111  -0.0370    0.192
   110  -1.4473   0.9116   0.0838  -0.1689   0.0997  -0.1847  -0.1842  -0.0212   0.0000  -0.0113  -0.0348    0.188
   111  -1.5366   0.8940   0.0773  -0.1571   0.0991  -0.1751  -0.1746  -0.0201   0.0000  -0.0114  -0.0323    0.184
   112  -1.6200   0.8775   0.0703  -0.1441   0.0984  -0.1637  -0.1632  -0.0188   0.0000  -0.0114  -0.0295    0.180
   113  -1.6966   0.8624   0.0629  -0.1302   0.0978  -0.1505  -0.1501  -0.0172   0.0000  -0.0112  -0.0264    0.175
   114  -1.7656   0.8487   0.0551  -0.1155   0.0972  -0.1356  -0.1352  -0.0155   0.0000  -0.0108  -0.0231    0.170
   115  -1.8262   0.8368   0.0470  -0.1001   0.0967  -0.1193  -0.1189  -0.0136   0.0000  -0.0101  -0.0197    0.165
   116  -1.8778   0.8266   0.0387  -0.0841   0.0963  -0.1015  -0.1012  -0.0116   0.0000  -0.0091  -0.0163    0.160
   117  -1.9232   0.8176   0.0355  -0.0671   0.0959  -0.0818  -0.0815  -0.0093   0.0000  -0.0078  -0.0127    0.155
   118  -1.9606   0.8102   0.0254  -0.0484   0.0955  -0.0595  -0.0594  -0.0067   0.0000  -0.0059  -0.0089    0.150
   119  -1.9858   0.8052   0.0153  -0.0292   0.0953  -0.0362  -0.0361  -0.0041   0.0000  -0.0037  -0.0053    0.146
   120  -1.9984   0.8027   0.0051  -0.0098   0.0951  -0.0121  -0.0121  -0.0015   0.0000  -0.0013  -0.0018    0.144

  Surface # 5     vertical_stabilizer                     
     # Chordwise = 10   # Spanwise = 30     First strip =121
     Surface area =    1.336749       Ave. chord =    0.902233
     CLsurf  =   0.00000     Clsurf  =  -0.00000
     CYsurf  =  -0.00000     Cmsurf  =  -0.00000
     CDsurf  =  -0.00000     Cnsurf  =   0.00000
     CDisurf =  -0.00000     CDvsurf =   0.00000

  Forces referred to Ssurf, Cave about hinge axis thru LE
     CLsurf  =   0.00000     CDsurf  =  -0.00000
     Deflect =

 Strip Forces referred to Strip Area, Chord
    j      Yle    Chord     Area     c cl      ai      cl_norm  cl       cd       cdv    cm_c/4    cm_LE  C.P.x/c
   121   0.0000   1.2152   0.0161   0.0000  -0.0000   0.0000   0.0000   0.0000   0.0000  -0.0000  -0.0000    0.569
   122   0.0000   1.2078   0.0261   0.0000  -0.0000   0.0000   0.0000   0.0000   0.0000  -0.0000  -0.0000    0.383
   123   0.0000   1.1968   0.0358   0.0000  -0.0000   0.0000   0.0000   0.0000   0.0000  -0.0000  -0.0000    0.332
   124   0.0000   1.1824   0.0448   0.0000  -0.0000   0.0000   0.0000   0.0000   0.0000   0.0000  -0.0000    0.236
   125   0.0000   1.1646   0.0530   0.0000  -0.0000   0.0000   0.0000   0.0000   0.0000   0.0000  -0.0000    0.220
   126   0.0000   1.1454   0.0506   0.0000  -0.0000   0.0000   0.0000   0.0000   0.0000   0.0000  -0.0000    0.226
   127   0.0000   1.1254   0.0560   0.0000  -0.0000   0.0000   0.0000  -0.0000   0.0000   0.0000  -0.0000    0.220
   128   0.0000   1.1031   0.0606   0.0000   0.0000   0.0000   0.0000   0.0000   0.0000   0.0000  -0.0000    0.214
   129   0.0000   1.0787   0.0642   0.0000  -0.0000   0.0000   0.0000  -0.0000   0.0000   0.0000  -0.0000    0.225
   130   0.0000   1.0525   0.0669   0.0000   0.0000   0.0000   0.0000  -0.0000   0.0000   0.0000  -0.0000    0.213
   131   0.0000   1.0247   0.0685   0.0000  -0.0000   0.0000   0.0000  -0.0000   0.0000   0.0000  -0.0000    0.190
   132   0.0000   0.9956   0.0692   0.0000  -0.0000   0.0000   0.0000  -0.0000   0.0000   0.0000  -0.0000    0.233
   133   0.0000   0.9655   0.0690   0.0000   0.0000   0.0000   0.0000   0.0000   0.0000   0.0000  -0.0000    0.236
   134   0.0000   0.9348   0.0680   0.0000  -0.0000   0.0000   0.0000  -0.0000   0.0000   0.0000  -0.0000    0.226
   135   0.0000   0.9037   0.0662   0.0000  -0.0000   0.0000   0.0000  -0.0000   0.0000   0.0000  -0.0000    0.213
   136   0.0000   0.8726   0.0636   0.0000  -0.0000   0.0000   0.0000  -0.0000   0.0000  -0.0000  -0.0000    0.285
   137   0.0000   0.8417   0.0605   0.0000  -0.0000   0.0000   0.0000   0.0000   0.0000  -0.0000  -0.0000    0.321
   138   0.0000   0.8114   0.0569   0.0000  -0.0000   0.0000   0.0000   0.0000   0.0000  -0.0000  -0.0000    0.348
   139   0.0000   0.7821   0.0529   0.0000  -0.0000   0.0000   0.0000  -0.0000   0.0000  -0.0000  -0.0000    0.412
   140   0.0000   0.7540   0.0485   0.0000  -0.0000   0.0000   0.0000  -0.0000   0.0000  -0.0000  -0.0000    0.576
   141   0.0000   0.7274   0.0440   0.0000   0.0000   0.0000   0.0000  -0.0000   0.0000  -0.0000  -0.0000    0.752
   142   0.0000   0.7025   0.0393   0.0000   0.0000   0.0000   0.0000  -0.0000   0.0000  -0.0000  -0.0000    1.430
   143   0.0000   0.6798   0.0346   0.0000   0.0000   0.0000   0.0000  -0.0000   0.0000  -0.0000  -0.0000
   144   0.0000   0.6593   0.0298  -0.0000   0.0000  -0.0000  -0.0000  -0.0000   0.0000  -0.0000  -0.0000
   145   0.0000   0.6402   0.0283  -0.0000  -0.0000  -0.0000  -0.0000   0.0000   0.0000  -0.0000  -0.0000
   146   0.0000   0.6229   0.0230  -0.0000   0.0000  -0.0000  -0.0000  -0.0000   0.0000  -0.0000  -0.0000   -0.404
   147   0.0000   0.6088   0.0177  -0.0000   0.0000  -0.0000  -0.0000   0.0000   0.0000  -0.0000  -0.0000   -0.270
   148   0.0000   0.5981   0.0126  -0.0000   0.0000  -0.0000  -0.0000  -0.0000   0.0000  -0.0000  -0.0000   -0.265
   149   0.0000   0.5910   0.0075  -0.0000  -0.0000  -0.0000  -0.0000   0.0000   0.0000  -0.0000  -0.0000   -0.286
   150   0.0000   0.5874   0.0025  -0.0000  -0.0000  -0.0000  -0.0000  -0.0000   0.0000  -0.0000  -0.0000   -0.253
 ---------------------------------------------------------------
