 ---------------------------------------------------------------
 Surface and Strip Forces by surface

  Forces referred to Sref, Cref, Bref about Xref, Yref, Zref
 Standard axis orientation,  X fwd, Z down         

  Surface # 1     main_wing                               
     # Chordwise = 10   # Spanwise = 30     First strip =  1
     Surface area =    8.662745       Ave. chord =    1.689678
     CLsurf  =   0.50921     Clsurf  =  -0.10368
     CYsurf  =  -0.07146     Cmsurf  =  -0.07201
     CDsurf  =   0.02789     Cnsurf  =  -0.00486
     CDisurf =   0.02789     CDvsurf =   0.00000

  Forces referred to Ssurf, Cave about hinge axis thru LE
     CLsurf  =   1.01955     CDsurf  =   0.05531
     Deflect =

 Strip Forces referred to Strip Area, Chord
    j      Yle    Chord     Area     c cl      ai      cl_norm  cl       cd       cdv    cm_c/4    cm_LE  C.P.x/c
     1   0.0034   2.1937   0.0299   3.2255   0.1267   1.4711   1.4705   0.0870   0.0000  -0.1462  -0.5136    0.349
     2   0.0304   2.1884   0.0891   2.3649   0.1240   1.0799   1.0795   0.0750   0.0000  -0.1159  -0.3860    0.357
     3   0.0840   2.1777   0.1468   2.3027   0.1221   1.0571   1.0567   0.0697   0.0000  -0.1144  -0.3788    0.358
     4   0.1638   2.1619   0.2017   2.2885   0.1213   1.0583   1.0579   0.0699   0.0000  -0.1159  -0.3806    0.360
     5   0.2688   2.1410   0.2531   2.2755   0.1215   1.0633   1.0629   0.0634   0.0000  -0.1190  -0.3847    0.362
     6   0.3979   2.1154   0.3000   2.2818   0.1228   1.0777   1.0773   0.0767   0.0000  -0.1230  -0.3927    0.364
     7   0.5496   2.0852   0.3417   2.2832   0.1249   1.0944   1.0939   0.0743   0.0000  -0.1290  -0.4028    0.368
     8   0.7223   2.0509   0.3776   2.2521   0.1280   1.0983   1.0979   0.0678   0.0000  -0.1334  -0.4079    0.371
     9   0.9142   2.0128   0.4073   2.2372   0.1322   1.1119   1.1115   0.0667   0.0000  -0.1395  -0.4174    0.376
    10   1.1285   1.9703   0.4526   2.2007   0.1307   1.1180   1.1176   0.0623   0.0000  -0.1456  -0.4248    0.380
    11   1.3637   1.9236   0.4694   2.1617   0.1227   1.1248   1.1244   0.0628   0.0000  -0.1490  -0.4299    0.382
    12   1.6118   1.8743   0.4793   2.1042   0.1147   1.1241   1.1237   0.0598   0.0000  -0.1505  -0.4311    0.384
    13   1.8700   1.8230   0.4823   2.0326   0.1062   1.1164   1.1160   0.0590   0.0000  -0.1514  -0.4301    0.386
    14   2.1357   1.7703   0.4789   1.9603   0.0977   1.1090   1.1086   0.0562   0.0000  -0.1521  -0.4289    0.387
    15   2.4057   1.7167   0.4695   1.8821   0.0913   1.0984   1.0980   0.0531   0.0000  -0.1523  -0.4264    0.389
    16   2.6723   1.6637   0.4384   1.8024   0.0877   1.0857   1.0853   0.0494   0.0000  -0.1526  -0.4234    0.391
    17   2.9325   1.6120   0.4201   1.7125   0.0858   1.0646   1.0642   0.0491   0.0000  -0.1520  -0.4176    0.393
    18   3.1884   1.5612   0.3979   1.6275   0.0846   1.0449   1.0445   0.0459   0.0000  -0.1517  -0.4123    0.395
    19   3.4372   1.5118   0.3724   1.5332   0.0844   1.0166   1.0163   0.0443   0.0000  -0.1507  -0.4042    0.398
    20   3.6775   1.4641   0.3480   1.4358   0.0856   0.9829   0.9825   0.0446   0.0000  -0.1491  -0.3943    0.402
    21   3.9066   1.4186   0.3174   1.3356   0.0885   0.9435   0.9431   0.0440   0.0000  -0.1470  -0.3823    0.406
    22   4.1206   1.3761   0.2853   1.2297   0.0928   0.8951   0.8948   0.0442   0.0000  -0.1438  -0.3672    0.411
    23   4.3172   1.3370   0.2522   1.1231   0.0988   0.8413   0.8410   0.0421   0.0000  -0.1396  -0.3496    0.416
    24   4.4942   1.3019   0.2186   1.0080   0.1064   0.7752   0.7749   0.0411   0.0000  -0.1335  -0.3269    0.422
    25   4.6536   1.2702   0.1944   0.8867   0.1195   0.6985   0.6982   0.0411   0.0000  -0.1246  -0.2990    0.428
    26   4.7929   1.2426   0.1585   0.7519   0.1373   0.6048   0.6046   0.0412   0.0000  -0.1118  -0.2630    0.435
    27   4.9062   1.2201   0.1229   0.6064   0.1556   0.4963   0.4961   0.0371   0.0000  -0.0950  -0.2192    0.441
    28   4.9923   1.2030   0.0875   0.4461   0.1737   0.3700   0.3699   0.0303   0.0000  -0.0734  -0.1660    0.448
    29   5.0502   1.1915   0.0524   0.2741   0.1903   0.2294   0.2293   0.0201   0.0000  -0.0469  -0.1043    0.454
    30   5.0794   1.1857   0.0174   0.0928   0.2014   0.0780   0.0780   0.0072   0.0000  -0.0162  -0.0358    0.458

  Surface # 2     main_wing (YDUP)                        
     # Chordwise = 10   # Spanwise = 30     First strip = 31
     Surface area =    8.662745       Ave. chord =    1.689678
     CLsurf  =   0.50921     Clsurf  =   0.10368
     CYsurf  =   0.07146     Cmsurf  =  -0.07201
     CDsurf  =   0.02789     Cnsurf  =   0.00486
     CDisurf =   0.02789     CDvsurf =   0.00000

  Forces referred to Ssurf, Cave about hinge axis thru LE
     CLsurf  =   1.01955     CDsurf  =   0.05531
     Deflect =

 Strip Forces referred to Strip Area, Chord
    j      Yle    Chord     Area     c cl      ai      cl_norm  cl       cd       cdv    cm_c/4    cm_LE  C.P.x/c
    31  -0.0034   2.1937   0.0299   3.2255   0.1267   1.4711   1.4705   0.0870   0.0000  -0.1462   0.5136    0.349
    32  -0.0304   2.1884   0.0891   2.3649   0.1240   1.0799   1.0795   0.0750   0.0000  -0.1159   0.3860    0.357
    33  -0.0840   2.1777   0.1468   2.3027   0.1221   1.0571   1.0567   0.0697   0.0000  -0.1144   0.3788    0.358
    34  -0.1638   2.1619   0.2017   2.2885   0.1213   1.0583   1.0579   0.0699   0.0000  -0.1159   0.3806    0.360
    35  -0.2688   2.1410   0.2531   2.2755   0.1215   1.0633   1.0629   0.0634   0.0000  -0.1190   0.3847    0.362
    36  -0.3979   2.1154   0.3000   2.2818   0.1228   1.0777   1.0773   0.0767   0.0000  -0.1230   0.3927    0.364
    37  -0.5496   2.0852   0.3417   2.2832   0.1249   1.0944   1.0939   0.0743   0.0000  -0.1290   0.4028    0.368
    38  -0.7223   2.0509   0.3776   2.2521   0.1280   1.0983   1.0979   0.0678   0.0000  -0.1334   0.4079    0.371
    39  -0.9142   2.0128   0.4073   2.2372   0.1322   1.1119   1.1115   0.0667   0.0000  -0.1395   0.4174    0.376
    40  -1.1285   1.9703   0.4526   2.2007   0.1307   1.1180   1.1176   0.0623   0.0000  -0.1456   0.4248    0.380
    41  -1.3637   1.9236   0.4694   2.1616   0.1227   1.1248   1.1244   0.0628   0.0000  -0.1490   0.4299    0.382
    42  -1.6118   1.8743   0.4793   2.1042   0.1147   1.1241   1.1237   0.0598   0.0000  -0.1505   0.4311    0.384
    43  -1.8700   1.8230   0.4823   2.0326   0.1062   1.1164   1.1160   0.0590   0.0000  -0.1514   0.4301    0.386
    44  -2.1357   1.7703   0.4789   1.9603   0.0977   1.1090   1.1086   0.0562   0.0000  -0.1521   0.4289    0.387
    45  -2.4057   1.7167   0.4695   1.8821   0.0913   1.0984   1.0980   0.0531   0.0000  -0.1523   0.4264    0.389
    46  -2.6723   1.6637   0.4384   1.8024   0.0877   1.0857   1.0853   0.0494   0.0000  -0.1526   0.4234    0.391
    47  -2.9325   1.6120   0.4201   1.7125   0.0858   1.0646   1.0641   0.0491   0.0000  -0.1520   0.4176    0.393
    48  -3.1884   1.5612   0.3979   1.6275   0.0846   1.0449   1.0445   0.0459   0.0000  -0.1517   0.4123    0.395
    49  -3.4372   1.5118   0.3724   1.5332   0.0844   1.0166   1.0163   0.0443   0.0000  -0.1507   0.4042    0.398
    50  -3.6775   1.4641   0.3480   1.4358   0.0856   0.9829   0.9825   0.0446   0.0000  -0.1491   0.3943    0.402
    51  -3.9066   1.4186   0.3174   1.3356   0.0885   0.9435   0.9431   0.0440   0.0000  -0.1470   0.3823    0.406
    52  -4.1206   1.3761   0.2853   1.2296   0.0928   0.8951   0.8948   0.0442   0.0000  -0.1438   0.3672    0.411
    53  -4.3172   1.3370   0.2522   1.1231   0.0988   0.8413   0.8410   0.0421   0.0000  -0.1396   0.3496    0.416
    54  -4.4942   1.3019   0.2186   1.0079   0.1064   0.7752   0.7749   0.0411   0.0000  -0.1335   0.3269    0.422
    55  -4.6536   1.2702   0.1944   0.8867   0.1195   0.6985   0.6982   0.0411   0.0000  -0.1246   0.2990    0.428
    56  -4.7929   1.2426   0.1585   0.7519   0.1373   0.6048   0.6046   0.0412   0.0000  -0.1118   0.2630    0.435
    57  -4.9062   1.2201   0.1229   0.6064   0.1556   0.4963   0.4961   0.0371   0.0000  -0.0950   0.2192    0.441
    58  -4.9923   1.2030   0.0875   0.4461   0.1737   0.3700   0.3699   0.0303   0.0000  -0.0734   0.1660    0.448
    59  -5.0502   1.1915   0.0524   0.2741   0.1903   0.2294   0.2293   0.0201   0.0000  -0.0469   0.1043    0.454
    60  -5.0794   1.1857   0.0174   0.0928   0.2014   0.0780   0.0780   0.0072   0.0000  -0.0162   0.0358    0.458

  Surface # 3     horizontal_stabilizer                   
     # Chordwise = 10   # Spanwise = 30     First strip = 61
     Surface area =    2.000000       Ave. chord =    1.000000
     CLsurf  =   0.00702     Clsurf  =  -0.00059
     CYsurf  =  -0.00012     Cmsurf  =  -0.01917
     CDsurf  =   0.00080     Cnsurf  =   0.00006
     CDisurf =   0.00080     CDvsurf =   0.00000

  Forces referred to Ssurf, Cave about hinge axis thru LE
     CLsurf  =   0.06034     CDsurf  =   0.00684
     Deflect =

 Strip Forces referred to Strip Area, Chord
    j      Yle    Chord     Area     c cl      ai      cl_norm  cl       cd       cdv    cm_c/4    cm_LE  C.P.x/c
    61   0.0016   1.1973   0.0076   0.0823   0.1172   0.0684   0.0682   0.0090   0.0000  -0.0011  -0.0182    0.267
    62   0.0142   1.1948   0.0226   0.0823   0.1171   0.0687   0.0685   0.0079   0.0000  -0.0011  -0.0183    0.267
    63   0.0394   1.1898   0.0373   0.0823   0.1170   0.0689   0.0687   0.0078   0.0000  -0.0011  -0.0183    0.266
    64   0.0768   1.1824   0.0513   0.0821   0.1168   0.0692   0.0690   0.0078   0.0000  -0.0011  -0.0183    0.265
    65   0.1222   1.1734   0.0549   0.0818   0.1167   0.0695   0.0693   0.0078   0.0000  -0.0010  -0.0183    0.265
    66   0.1738   1.1632   0.0653   0.0814   0.1164   0.0697   0.0695   0.0078   0.0000  -0.0010  -0.0184    0.264
    67   0.2344   1.1513   0.0747   0.0807   0.1161   0.0699   0.0697   0.0078   0.0000  -0.0009  -0.0184    0.263
    68   0.3034   1.1376   0.0830   0.0797   0.1158   0.0699   0.0696   0.0078   0.0000  -0.0009  -0.0183    0.263
    69   0.3800   1.1225   0.0900   0.0784   0.1153   0.0697   0.0694   0.0078   0.0000  -0.0009  -0.0183    0.263
    70   0.4634   1.1060   0.0957   0.0768   0.1148   0.0692   0.0690   0.0078   0.0000  -0.0009  -0.0182    0.264
    71   0.5527   1.0884   0.1000   0.0749   0.1143   0.0686   0.0684   0.0077   0.0000  -0.0010  -0.0181    0.264
    72   0.6469   1.0697   0.1030   0.0727   0.1138   0.0677   0.0675   0.0076   0.0000  -0.0010  -0.0179    0.265
    73   0.7450   1.0504   0.1046   0.0703   0.1133   0.0667   0.0665   0.0075   0.0000  -0.0010  -0.0176    0.265
    74   0.8459   1.0304   0.1050   0.0678   0.1129   0.0656   0.0654   0.0074   0.0000  -0.0010  -0.0173    0.265
    75   0.9484   1.0102   0.1040   0.0652   0.1125   0.0643   0.0641   0.0073   0.0000  -0.0010  -0.0170    0.265
    76   1.0516   0.9898   0.1019   0.0625   0.1121   0.0630   0.0628   0.0071   0.0000  -0.0009  -0.0166    0.264
    77   1.1541   0.9696   0.0987   0.0599   0.1119   0.0616   0.0614   0.0070   0.0000  -0.0008  -0.0161    0.263
    78   1.2550   0.9496   0.0946   0.0572   0.1117   0.0600   0.0598   0.0068   0.0000  -0.0006  -0.0156    0.261
    79   1.3531   0.9303   0.0896   0.0544   0.1115   0.0583   0.0581   0.0066   0.0000  -0.0005  -0.0150    0.258
    80   1.4473   0.9116   0.0838   0.0515   0.1114   0.0563   0.0561   0.0064   0.0000  -0.0003  -0.0143    0.254
    81   1.5366   0.8940   0.0773   0.0484   0.1114   0.0540   0.0538   0.0061   0.0000  -0.0000  -0.0135    0.250
    82   1.6200   0.8775   0.0703   0.0451   0.1115   0.0512   0.0510   0.0058   0.0000   0.0002  -0.0125    0.245
    83   1.6966   0.8624   0.0629   0.0414   0.1116   0.0478   0.0477   0.0054   0.0000   0.0005  -0.0114    0.239
    84   1.7656   0.8487   0.0551   0.0373   0.1118   0.0438   0.0437   0.0050   0.0000   0.0007  -0.0102    0.233
    85   1.8262   0.8368   0.0470   0.0329   0.1120   0.0392   0.0391   0.0044   0.0000   0.0009  -0.0089    0.227
    86   1.8778   0.8266   0.0387   0.0281   0.1122   0.0339   0.0338   0.0038   0.0000   0.0010  -0.0074    0.220
    87   1.9232   0.8176   0.0355   0.0227   0.1124   0.0277   0.0276   0.0031   0.0000   0.0010  -0.0059    0.213
    88   1.9606   0.8102   0.0254   0.0166   0.1127   0.0205   0.0204   0.0023   0.0000   0.0009  -0.0042    0.206
    89   1.9858   0.8052   0.0153   0.0101   0.1129   0.0125   0.0125   0.0014   0.0000   0.0006  -0.0025    0.201
    90   1.9984   0.8027   0.0051   0.0034   0.1130   0.0042   0.0042   0.0005   0.0000   0.0002  -0.0008    0.198

  Surface # 4     horizontal_stabilizer (YDUP)            
     # Chordwise = 10   # Spanwise = 30     First strip = 91
     Surface area =    2.000000       Ave. chord =    1.000000
     CLsurf  =   0.00702     Clsurf  =   0.00059
     CYsurf  =   0.00012     Cmsurf  =  -0.01917
     CDsurf  =   0.00080     Cnsurf  =  -0.00006
     CDisurf =   0.00080     CDvsurf =   0.00000

  Forces referred to Ssurf, Cave about hinge axis thru LE
     CLsurf  =   0.06034     CDsurf  =   0.00684
     Deflect =

 Strip Forces referred to Strip Area, Chord
    j      Yle    Chord     Area     c cl      ai      cl_norm  cl       cd       cdv    cm_c/4    cm_LE  C.P.x/c
    91  -0.0016   1.1973   0.0076   0.0823   0.1172   0.0684   0.0682   0.0090   0.0000  -0.0011   0.0182    0.267
    92  -0.0142   1.1948   0.0226   0.0823   0.1171   0.0687   0.0685   0.0079   0.0000  -0.0011   0.0183    0.267
    93  -0.0394   1.1898   0.0373   0.0823   0.1170   0.0689   0.0687   0.0078   0.0000  -0.0011   0.0183    0.266
    94  -0.0768   1.1824   0.0513   0.0821   0.1168   0.0692   0.0690   0.0078   0.0000  -0.0011   0.0183    0.265
    95  -0.1222   1.1734   0.0549   0.0818   0.1167   0.0695   0.0693   0.0078   0.0000  -0.0010   0.0183    0.265
    96  -0.1738   1.1632   0.0653   0.0814   0.1164   0.0697   0.0695   0.0078   0.0000  -0.0010   0.0184    0.264
    97  -0.2344   1.1513   0.0747   0.0807   0.1161   0.0699   0.0697   0.0078   0.0000  -0.0009   0.0184    0.263
    98  -0.3034   1.1376   0.0830   0.0797   0.1158   0.0699   0.0696   0.0078   0.0000  -0.0009   0.0183    0.263
    99  -0.3800   1.1225   0.0900   0.0784   0.1153   0.0697   0.0694   0.0078   0.0000  -0.0009   0.0183    0.263
   100  -0.4634   1.1060   0.0957   0.0768   0.1148   0.0692   0.0690   0.0078   0.0000  -0.0009   0.0182    0.264
   101  -0.5527   1.0884   0.1000   0.0749   0.1143   0.0686   0.0684   0.0077   0.0000  -0.0010   0.0181    0.264
   102  -0.6469   1.0697   0.1030   0.0727   0.1138   0.0677   0.0675   0.0076   0.0000  -0.0010   0.0179    0.265
   103  -0.7450   1.0504   0.1046   0.0703   0.1133   0.0667   0.0665   0.0075   0.0000  -0.0010   0.0176    0.265
   104  -0.8459   1.0304   0.1050   0.0678   0.1129   0.0656   0.0654   0.0074   0.0000  -0.0010   0.0173    0.265
   105  -0.9484   1.0102   0.1040   0.0652   0.1125   0.0643   0.0641   0.0073   0.0000  -0.0010   0.0170    0.265
   106  -1.0516   0.9898   0.1019   0.0625   0.1121   0.0630   0.0628   0.0071   0.0000  -0.0009   0.0166    0.264
   107  -1.1541   0.9696   0.0987   0.0599   0.1119   0.0616   0.0614   0.0070   0.0000  -0.0008   0.0161    0.263
   108  -1.2550   0.9496   0.0946   0.0572   0.1117   0.0600   0.0598   0.0068   0.0000  -0.0006   0.0156    0.261
   109  -1.3531   0.9303   0.0896   0.0544   0.1115   0.0583   0.0581   0.0066   0.0000  -0.0005   0.0150    0.258
   110  -1.4473   0.9116   0.0838   0.0515   0.1114   0.0563   0.0561   0.0064   0.0000  -0.0003   0.0143    0.254
   111  -1.5366   0.8940   0.0773   0.0484   0.1114   0.0540   0.0538   0.0061   0.0000  -0.0000   0.0135    0.250
   112  -1.6200   0.8775   0.0703   0.0451   0.1115   0.0512   0.0510   0.0058   0.0000   0.0002   0.0125    0.245
   113  -1.6966   0.8624   0.0629   0.0414   0.1116   0.0478   0.0477   0.0054   0.0000   0.0005   0.0114    0.239
   114  -1.7656   0.8487   0.0551   0.0373   0.1118   0.0438   0.0437   0.0050   0.0000   0.0007   0.0102    0.233
   115  -1.8262   0.8368   0.0470   0.0329   0.1120   0.0392   0.0391   0.0044   0.0000   0.0009   0.0089    0.227
   116  -1.8778   0.8266   0.0387   0.0281   0.1122   0.0339   0.0338   0.0038   0.0000   0.0010   0.0074    0.220
   117  -1.9232   0.8176   0.0355   0.0227   0.1124   0.0277   0.0276   0.0031   0.0000   0.0010   0.0059    0.213
   118  -1.9606   0.8102   0.0254   0.0166   0.1127   0.0205   0.0204   0.0023   0.0000   0.0009   0.0042    0.206
   119  -1.9858   0.8052   0.0153   0.0101   0.1129   0.0125   0.0125   0.0014   0.0000   0.0006   0.0025    0.201
   120  -1.9984   0.8027   0.0051   0.0034   0.1130   0.0042   0.0042   0.0005   0.0000   0.0002   0.0008    0.198

  Surface # 5     vertical_stabilizer                     
     # Chordwise = 10   # Spanwise = 30     First strip =121
     Surface area =    1.336749       Ave. chord =    0.902233
     CLsurf  =   0.00000     Clsurf  =   0.00000
     CYsurf  =   0.00000     Cmsurf  =  -0.00000
     CDsurf  =  -0.00000     Cnsurf  =  -0.00000
     CDisurf =  -0.00000     CDvsurf =   0.00000

  Forces referred to Ssurf, Cave about hinge axis thru LE
     CLsurf  =  -0.00000     CDsurf  =  -0.00000
     Deflect =

 Strip Forces referred to Strip Area, Chord
    j      Yle    Chord     Area     c cl      ai      cl_norm  cl       cd       cdv    cm_c/4    cm_LE  C.P.x/c
   121   0.0000   1.2152   0.0161  -0.0000  -0.0000  -0.0000  -0.0000   0.0000   0.0000  -0.0000   0.0000    0.176
   122   0.0000   1.2078   0.0261  -0.0000  -0.0000  -0.0000  -0.0000   0.0000   0.0000  -0.0000   0.0000    0.185
   123   0.0000   1.1968   0.0358  -0.0000   0.0000  -0.0000  -0.0000   0.0000   0.0000  -0.0000   0.0000    0.190
   124   0.0000   1.1824   0.0448  -0.0000   0.0000  -0.0000  -0.0000  -0.0000   0.0000  -0.0000   0.0000    0.182
   125   0.0000   1.1646   0.0530  -0.0000   0.0000  -0.0000  -0.0000  -0.0000   0.0000  -0.0000   0.0000    0.181
   126   0.0000   1.1454   0.0506  -0.0000   0.0000  -0.0000  -0.0000  -0.0000   0.0000  -0.0000   0.0000    0.186
   127   0.0000   1.1254   0.0560  -0.0000   0.0000  -0.0000  -0.0000  -0.0000   0.0000  -0.0000   0.0000    0.193
   128   0.0000   1.1031   0.0606  -0.0000   0.0000  -0.0000  -0.0000  -0.0000   0.0000  -0.0000   0.0000    0.210
   129   0.0000   1.0787   0.0642  -0.0000   0.0000  -0.0000  -0.0000  -0.0000   0.0000  -0.0000   0.0000    0.209
   130   0.0000   1.0525   0.0669  -0.0000   0.0000  -0.0000  -0.0000  -0.0000   0.0000  -0.0000   0.0000    0.214
   131   0.0000   1.0247   0.0685  -0.0000   0.0000  -0.0000  -0.0000  -0.0000   0.0000  -0.0000   0.0000    0.231
   132   0.0000   0.9956   0.0692  -0.0000  -0.0000  -0.0000  -0.0000  -0.0000   0.0000  -0.0000   0.0000    0.224
   133   0.0000   0.9655   0.0690  -0.0000   0.0000  -0.0000  -0.0000  -0.0000   0.0000  -0.0000   0.0000    0.225
   134   0.0000   0.9348   0.0680  -0.0000   0.0000  -0.0000  -0.0000  -0.0000   0.0000  -0.0000   0.0000    0.227
   135   0.0000   0.9037   0.0662  -0.0000   0.0000  -0.0000  -0.0000  -0.0000   0.0000  -0.0000   0.0000    0.226
   136   0.0000   0.8726   0.0636  -0.0000   0.0000  -0.0000  -0.0000  -0.0000   0.0000  -0.0000   0.0000    0.223
   137   0.0000   0.8417   0.0605  -0.0000  -0.0000  -0.0000  -0.0000  -0.0000   0.0000  -0.0000   0.0000    0.221
   138   0.0000   0.8114   0.0569  -0.0000   0.0000  -0.0000  -0.0000  -0.0000   0.0000  -0.0000   0.0000    0.215
   139   0.0000   0.7821   0.0529  -0.0000  -0.0000  -0.0000  -0.0000  -0.0000   0.0000  -0.0000   0.0000    0.211
   140   0.0000   0.7540   0.0485  -0.0000   0.0000  -0.0000  -0.0000  -0.0000   0.0000  -0.0000   0.0000    0.209
   141   0.0000   0.7274   0.0440  -0.0000   0.0000  -0.0000  -0.0000  -0.0000   0.0000  -0.0000   0.0000    0.206
   142   0.0000   0.7025   0.0393  -0.0000   0.0000  -0.0000  -0.0000  -0.0000   0.0000  -0.0000   0.0000    0.196
   143   0.0000   0.6798   0.0346  -0.0000   0.0000  -0.0000  -0.0000  -0.0000   0.0000  -0.0000   0.0000    0.190
   144   0.0000   0.6593   0.0298  -0.0000   0.0000  -0.0000  -0.0000  -0.0000   0.0000  -0.0000   0.0000    0.191
   145   0.0000   0.6402   0.0283  -0.0000   0.0000  -0.0000  -0.0000  -0.0000   0.0000  -0.0000   0.0000    0.189
   146   0.0000   0.6229   0.0230  -0.0000  -0.0000  -0.0000  -0.0000  -0.0000   0.0000  -0.0000   0.0000    0.182
   147   0.0000   0.6088   0.0177  -0.0000   0.0000  -0.0000  -0.0000  -0.0000   0.0000  -0.0000   0.0000    0.172
   148   0.0000   0.5981   0.0126  -0.0000   0.0000  -0.0000  -0.0000  -0.0000   0.0000  -0.0000   0.0000    0.161
   149   0.0000   0.5910   0.0075  -0.0000   0.0000  -0.0000  -0.0000  -0.0000   0.0000  -0.0000   0.0000    0.146
   150   0.0000   0.5874   0.0025  -0.0000   0.0000  -0.0000  -0.0000  -0.0000   0.0000  -0.0000   0.0000    0.149
 ---------------------------------------------------------------
