 ---------------------------------------------------------------
 Surface and Strip Forces by surface

  Forces referred to Sref, Cref, Bref about Xref, Yref, Zref
 Standard axis orientation,  X fwd, Z down         

  Surface # 1     main_wing                               
     # Chordwise =  4   # Spanwise = 20     First strip =  1
     Surface area =    8.662523       Ave. chord =    1.689634
     CLsurf  =   0.52498     Clsurf  =  -0.10660
     CYsurf  =  -0.07442     Cmsurf  =   0.02242
     CDsurf  =   0.02891     Cnsurf  =  -0.00717
     CDisurf =   0.02891     CDvsurf =   0.00000

  Forces referred to Ssurf, Cave about hinge axis thru LE
     CLsurf  =   1.05137     CDsurf  =   0.05732
     Deflect =

 Strip Forces referred to Strip Area, Chord
    j      Yle    Chord     Area     c cl      ai      cl_norm  cl       cd       cdv    cm_c/4    cm_LE  C.P.x/c
     1   0.0076   2.1929   0.0672   3.4137   0.1258   1.5572   1.5565   0.0958   0.0000  -0.1480  -0.5370    0.345
     2   0.0681   2.1809   0.1987   2.4353   0.1243   1.1161   1.1156   0.0760   0.0000  -0.1171  -0.3963    0.355
     3   0.1877   2.1571   0.3222   2.3613   0.1233   1.0944   1.0939   0.0725   0.0000  -0.1172  -0.3909    0.357
     4   0.3634   2.1222   0.4328   2.3409   0.1244   1.1026   1.1022   0.0741   0.0000  -0.1217  -0.3976    0.360
     5   0.5909   2.0770   0.5265   2.3175   0.1279   1.1172   1.1167   0.0597   0.0000  -0.1291  -0.4080    0.366
     6   0.8645   2.0227   0.6004   2.3016   0.1336   1.1383   1.1378   0.0693   0.0000  -0.1389  -0.4234    0.372
     7   1.1860   1.9589   0.6858   2.2600   0.1314   1.1547   1.1542   0.0658   0.0000  -0.1468  -0.4353    0.377
     8   1.5487   1.8868   0.7158   2.1838   0.1196   1.1588   1.1583   0.0626   0.0000  -0.1499  -0.4392    0.379
     9   1.9359   1.8100   0.7226   2.0786   0.1073   1.1499   1.1494   0.0612   0.0000  -0.1513  -0.4384    0.382
    10   2.3380   1.7301   0.7082   1.9621   0.0964   1.1360   1.1355   0.0570   0.0000  -0.1523  -0.4358    0.384
    11   2.7172   1.6548   0.5847   1.8435   0.0909   1.1163   1.1159   0.0524   0.0000  -0.1522  -0.4307    0.386
    12   3.0642   1.5859   0.5465   1.7191   0.0887   1.0863   1.0858   0.0504   0.0000  -0.1514  -0.4224    0.389
    13   3.3984   1.5195   0.4975   1.5877   0.0881   1.0471   1.0466   0.0487   0.0000  -0.1499  -0.4111    0.393
    14   3.7543   1.4488   0.5599   1.4395   0.0900   0.9955   0.9951   0.0478   0.0000  -0.1476  -0.3960    0.398
    15   4.1178   1.3766   0.4744   1.2706   0.0960   0.9247   0.9243   0.0446   0.0000  -0.1433  -0.3740    0.405
    16   4.4355   1.3135   0.3866   1.0785   0.1064   0.8219   0.8216   0.0454   0.0000  -0.1348  -0.3400    0.414
    17   4.6908   1.2629   0.2779   0.8797   0.1261   0.6966   0.6963   0.0440   0.0000  -0.1206  -0.2947    0.423
    18   4.8804   1.2252   0.1975   0.6619   0.1528   0.5395   0.5393   0.0402   0.0000  -0.0982  -0.2332    0.432
    19   5.0095   1.1996   0.1180   0.4144   0.1775   0.3446   0.3445   0.0292   0.0000  -0.0656  -0.1519    0.440
    20   5.0748   1.1866   0.0392   0.1414   0.1922   0.1187   0.1186   0.0115   0.0000  -0.0232  -0.0530    0.446

  Surface # 2     main_wing (YDUP)                        
     # Chordwise =  4   # Spanwise = 20     First strip = 21
     Surface area =    8.662523       Ave. chord =    1.689634
     CLsurf  =   0.52498     Clsurf  =   0.10660
     CYsurf  =   0.07442     Cmsurf  =   0.02242
     CDsurf  =   0.02891     Cnsurf  =   0.00717
     CDisurf =   0.02891     CDvsurf =   0.00000

  Forces referred to Ssurf, Cave about hinge axis thru LE
     CLsurf  =   1.05137     CDsurf  =   0.05732
     Deflect =

 Strip Forces referred to Strip Area, Chord
    j      Yle    Chord     Area     c cl      ai      cl_norm  cl       cd       cdv    cm_c/4    cm_LE  C.P.x/c
    21  -0.0076   2.1929   0.0672   3.4137   0.1258   1.5572   1.5565   0.0958   0.0000  -0.1480   0.5370    0.345
    22  -0.0681   2.1809   0.1987   2.4353   0.1243   1.1161   1.1156   0.0760   0.0000  -0.1171   0.3963    0.355
    23  -0.1877   2.1571   0.3222   2.3613   0.1233   1.0944   1.0939   0.0725   0.0000  -0.1172   0.3909    0.357
    24  -0.3634   2.1222   0.4328   2.3409   0.1244   1.1026   1.1022   0.0741   0.0000  -0.1217   0.3976    0.360
    25  -0.5909   2.0770   0.5265   2.3175   0.1279   1.1172   1.1167   0.0597   0.0000  -0.1291   0.4080    0.366
    26  -0.8645   2.0227   0.6004   2.3016   0.1336   1.1383   1.1378   0.0693   0.0000  -0.1389   0.4234    0.372
    27  -1.1860   1.9589   0.6858   2.2600   0.1314   1.1547   1.1542   0.0658   0.0000  -0.1468   0.4353    0.377
    28  -1.5487   1.8868   0.7158   2.1838   0.1196   1.1588   1.1583   0.0626   0.0000  -0.1499   0.4392    0.379
    29  -1.9359   1.8100   0.7226   2.0786   0.1073   1.1499   1.1494   0.0612   0.0000  -0.1513   0.4384    0.382
    30  -2.3380   1.7301   0.7082   1.9621   0.0964   1.1360   1.1355   0.0570   0.0000  -0.1523   0.4358    0.384
    31  -2.7172   1.6548   0.5847   1.8435   0.0909   1.1163   1.1159   0.0524   0.0000  -0.1522   0.4307    0.386
    32  -3.0642   1.5859   0.5465   1.7191   0.0887   1.0863   1.0858   0.0504   0.0000  -0.1514   0.4224    0.389
    33  -3.3984   1.5195   0.4975   1.5877   0.0881   1.0471   1.0466   0.0487   0.0000  -0.1499   0.4111    0.393
    34  -3.7543   1.4488   0.5599   1.4395   0.0900   0.9955   0.9951   0.0478   0.0000  -0.1476   0.3960    0.398
    35  -4.1178   1.3766   0.4744   1.2706   0.0960   0.9247   0.9243   0.0446   0.0000  -0.1433   0.3740    0.405
    36  -4.4355   1.3135   0.3866   1.0785   0.1064   0.8219   0.8216   0.0454   0.0000  -0.1348   0.3400    0.414
    37  -4.6908   1.2629   0.2779   0.8797   0.1261   0.6966   0.6963   0.0440   0.0000  -0.1206   0.2947    0.423
    38  -4.8804   1.2252   0.1975   0.6619   0.1528   0.5395   0.5393   0.0402   0.0000  -0.0982   0.2332    0.432
    39  -5.0095   1.1996   0.1180   0.4144   0.1775   0.3446   0.3445   0.0292   0.0000  -0.0656   0.1519    0.440
    40  -5.0748   1.1866   0.0392   0.1414   0.1922   0.1187   0.1186   0.0115   0.0000  -0.0232   0.0530    0.446

  Surface # 3     horizontal_stabilizer                   
     # Chordwise =  4   # Spanwise = 20     First strip = 41
     Surface area =    2.000000       Ave. chord =    1.000000
     CLsurf  =   0.00618     Clsurf  =  -0.00051
     CYsurf  =  -0.00011     Cmsurf  =  -0.01575
     CDsurf  =   0.00071     Cnsurf  =   0.00005
     CDisurf =   0.00071     CDvsurf =   0.00000

  Forces referred to Ssurf, Cave about hinge axis thru LE
     CLsurf  =   0.05306     CDsurf  =   0.00611
     Deflect =

 Strip Forces referred to Strip Area, Chord
    j      Yle    Chord     Area     c cl      ai      cl_norm  cl       cd       cdv    cm_c/4    cm_LE  C.P.x/c
    41   0.0028   1.1970   0.0135   0.0737   0.1188   0.0612   0.0610   0.0083   0.0000  -0.0011  -0.0164    0.268
    42   0.0254   1.1926   0.0401   0.0737   0.1187   0.0616   0.0614   0.0071   0.0000  -0.0011  -0.0164    0.267
    43   0.0698   1.1838   0.0652   0.0735   0.1186   0.0619   0.0617   0.0071   0.0000  -0.0010  -0.0165    0.267
    44   0.1388   1.1701   0.0969   0.0731   0.1183   0.0623   0.0621   0.0071   0.0000  -0.0010  -0.0165    0.266
    45   0.2319   1.1517   0.1186   0.0722   0.1179   0.0625   0.0623   0.0071   0.0000  -0.0010  -0.0165    0.265
    46   0.3440   1.1296   0.1361   0.0705   0.1173   0.0622   0.0620   0.0071   0.0000  -0.0010  -0.0165    0.265
    47   0.4722   1.1043   0.1492   0.0682   0.1165   0.0615   0.0613   0.0070   0.0000  -0.0010  -0.0163    0.266
    48   0.6135   1.0764   0.1576   0.0651   0.1157   0.0603   0.0601   0.0069   0.0000  -0.0010  -0.0161    0.267
    49   0.7642   1.0466   0.1613   0.0615   0.1149   0.0586   0.0584   0.0067   0.0000  -0.0011  -0.0157    0.269
    50   0.9207   1.0157   0.1605   0.0577   0.1142   0.0566   0.0565   0.0065   0.0000  -0.0011  -0.0152    0.269
    51   1.0793   0.9843   0.1555   0.0539   0.1137   0.0545   0.0544   0.0063   0.0000  -0.0010  -0.0146    0.269
    52   1.2358   0.9534   0.1469   0.0500   0.1133   0.0523   0.0521   0.0060   0.0000  -0.0008  -0.0139    0.266
    53   1.3865   0.9236   0.1353   0.0462   0.1130   0.0498   0.0497   0.0057   0.0000  -0.0006  -0.0130    0.262
    54   1.5278   0.8957   0.1211   0.0421   0.1129   0.0468   0.0467   0.0054   0.0000  -0.0003  -0.0119    0.256
    55   1.6560   0.8704   0.1049   0.0375   0.1129   0.0429   0.0428   0.0049   0.0000   0.0001  -0.0106    0.248
    56   1.7681   0.8483   0.0873   0.0322   0.1130   0.0378   0.0377   0.0043   0.0000   0.0004  -0.0090    0.239
    57   1.8612   0.8299   0.0687   0.0260   0.1133   0.0312   0.0311   0.0036   0.0000   0.0007  -0.0071    0.229
    58   1.9302   0.8162   0.0450   0.0190   0.1136   0.0233   0.0232   0.0027   0.0000   0.0007  -0.0051    0.219
    59   1.9746   0.8074   0.0271   0.0117   0.1138   0.0144   0.0144   0.0017   0.0000   0.0005  -0.0031    0.213
    60   1.9972   0.8030   0.0091   0.0039   0.1139   0.0049   0.0049   0.0006   0.0000   0.0002  -0.0010    0.209

  Surface # 4     horizontal_stabilizer (YDUP)            
     # Chordwise =  4   # Spanwise = 20     First strip = 61
     Surface area =    2.000000       Ave. chord =    1.000000
     CLsurf  =   0.00618     Clsurf  =   0.00051
     CYsurf  =   0.00011     Cmsurf  =  -0.01575
     CDsurf  =   0.00071     Cnsurf  =  -0.00005
     CDisurf =   0.00071     CDvsurf =   0.00000

  Forces referred to Ssurf, Cave about hinge axis thru LE
     CLsurf  =   0.05306     CDsurf  =   0.00611
     Deflect =

 Strip Forces referred to Strip Area, Chord
    j      Yle    Chord     Area     c cl      ai      cl_norm  cl       cd       cdv    cm_c/4    cm_LE  C.P.x/c
    61  -0.0028   1.1970   0.0135   0.0737   0.1188   0.0612   0.0610   0.0083   0.0000  -0.0011   0.0164    0.268
    62  -0.0254   1.1926   0.0401   0.0737   0.1187   0.0616   0.0614   0.0071   0.0000  -0.0011   0.0164    0.267
    63  -0.0698   1.1838   0.0652   0.0735   0.1186   0.0619   0.0617   0.0071   0.0000  -0.0010   0.0165    0.267
    64  -0.1388   1.1701   0.0969   0.0731   0.1183   0.0623   0.0621   0.0071   0.0000  -0.0010   0.0165    0.266
    65  -0.2319   1.1517   0.1186   0.0722   0.1179   0.0625   0.0623   0.0071   0.0000  -0.0010   0.0165    0.265
    66  -0.3440   1.1296   0.1361   0.0705   0.1173   0.0622   0.0620   0.0071   0.0000  -0.0010   0.0165    0.265
    67  -0.4722   1.1043   0.1492   0.0682   0.1165   0.0615   0.0613   0.0070   0.0000  -0.0010   0.0163    0.266
    68  -0.6135   1.0764   0.1576   0.0651   0.1157   0.0603   0.0601   0.0069   0.0000  -0.0010   0.0161    0.267
    69  -0.7642   1.0466   0.1613   0.0615   0.1149   0.0586   0.0584   0.0067   0.0000  -0.0011   0.0157    0.269
    70  -0.9207   1.0157   0.1605   0.0577   0.1142   0.0566   0.0565   0.0065   0.0000  -0.0011   0.0152    0.269
    71  -1.0793   0.9843   0.1555   0.0539   0.1137   0.0545   0.0544   0.0063   0.0000  -0.0010   0.0146    0.269
    72  -1.2358   0.9534   0.1469   0.0500   0.1133   0.0523   0.0521   0.0060   0.0000  -0.0008   0.0139    0.266
    73  -1.3865   0.9236   0.1353   0.0462   0.1130   0.0498   0.0497   0.0057   0.0000  -0.0006   0.0130    0.262
    74  -1.5278   0.8957   0.1211   0.0421   0.1129   0.0468   0.0467   0.0054   0.0000  -0.0003   0.0119    0.256
    75  -1.6560   0.8704   0.1049   0.0375   0.1129   0.0429   0.0428   0.0049   0.0000   0.0001   0.0106    0.248
    76  -1.7681   0.8483   0.0873   0.0322   0.1130   0.0378   0.0377   0.0043   0.0000   0.0004   0.0090    0.239
    77  -1.8612   0.8299   0.0687   0.0260   0.1133   0.0312   0.0311   0.0036   0.0000   0.0007   0.0071    0.229
    78  -1.9302   0.8162   0.0450   0.0190   0.1136   0.0233   0.0232   0.0027   0.0000   0.0007   0.0051    0.219
    79  -1.9746   0.8074   0.0271   0.0117   0.1138   0.0144   0.0144   0.0017   0.0000   0.0005   0.0031    0.213
    80  -1.9972   0.8030   0.0091   0.0039   0.1139   0.0049   0.0049   0.0006   0.0000   0.0002   0.0010    0.209

  Surface # 5     vertical_stabilizer                     
     # Chordwise =  4   # Spanwise = 20     First strip = 81
     Surface area =    1.336680       Ave. chord =    0.902187
     CLsurf  =   0.00000     Clsurf  =  -0.00000
     CYsurf  =  -0.00000     Cmsurf  =  -0.00000
     CDsurf  =  -0.00000     Cnsurf  =   0.00000
     CDisurf =  -0.00000     CDvsurf =   0.00000

  Forces referred to Ssurf, Cave about hinge axis thru LE
     CLsurf  =   0.00000     CDsurf  =  -0.00000
     Deflect =

 Strip Forces referred to Strip Area, Chord
    j      Yle    Chord     Area     c cl      ai      cl_norm  cl       cd       cdv    cm_c/4    cm_LE  C.P.x/c
    81   0.0000   1.2147   0.0206   0.0000   0.0000   0.0000   0.0000  -0.0000   0.0000   0.0000  -0.0000    0.174
    82   0.0000   1.2045   0.0371   0.0000   0.0000   0.0000   0.0000  -0.0000   0.0000   0.0000  -0.0000    0.248
    83   0.0000   1.1886   0.0523   0.0000  -0.0000   0.0000   0.0000  -0.0000   0.0000   0.0000  -0.0000    0.152
    84   0.0000   1.1671   0.0658   0.0000  -0.0000   0.0000   0.0000   0.0000   0.0000   0.0000  -0.0000    0.162
    85   0.0000   1.1382   0.0906   0.0000  -0.0000   0.0000   0.0000   0.0000   0.0000   0.0000  -0.0000    0.240
    86   0.0000   1.1018   0.1003   0.0000   0.0000   0.0000   0.0000  -0.0000   0.0000   0.0000  -0.0000    0.185
    87   0.0000   1.0610   0.1064   0.0000   0.0000   0.0000   0.0000   0.0000   0.0000   0.0000  -0.0000    0.236
    88   0.0000   1.0166   0.1091   0.0000  -0.0000   0.0000   0.0000  -0.0000   0.0000   0.0000  -0.0000    0.230
    89   0.0000   0.9698   0.1086   0.0000  -0.0000   0.0000   0.0000  -0.0000   0.0000   0.0000  -0.0000    0.039
    90   0.0000   0.9216   0.1050   0.0000  -0.0000   0.0000   0.0000  -0.0000   0.0000   0.0000  -0.0000    0.200
    91   0.0000   0.8731   0.0989   0.0000   0.0000   0.0000   0.0000  -0.0000   0.0000   0.0000  -0.0000    0.183
    92   0.0000   0.8255   0.0908   0.0000  -0.0000   0.0000   0.0000  -0.0000   0.0000   0.0000  -0.0000    0.234
    93   0.0000   0.7798   0.0812   0.0000   0.0000   0.0000   0.0000   0.0000   0.0000   0.0000  -0.0000    0.249
    94   0.0000   0.7371   0.0706   0.0000  -0.0000   0.0000   0.0000  -0.0000   0.0000   0.0000  -0.0000    0.038
    95   0.0000   0.6985   0.0595   0.0000   0.0000   0.0000   0.0000  -0.0000   0.0000   0.0000  -0.0000    0.229
    96   0.0000   0.6647   0.0483   0.0000  -0.0000   0.0000   0.0000  -0.0000   0.0000  -0.0000  -0.0000    0.376
    97   0.0000   0.6356   0.0405   0.0000   0.0000   0.0000   0.0000  -0.0000   0.0000  -0.0000  -0.0000    0.268
    98   0.0000   0.6120   0.0285   0.0000   0.0000   0.0000   0.0000   0.0000   0.0000   0.0000  -0.0000    0.245
    99   0.0000   0.5960   0.0169   0.0000  -0.0000   0.0000   0.0000  -0.0000   0.0000   0.0000  -0.0000    0.112
   100   0.0000   0.5879   0.0056   0.0000  -0.0000   0.0000   0.0000  -0.0000   0.0000   0.0000  -0.0000    0.098
 ---------------------------------------------------------------
