 ---------------------------------------------------------------
 Surface and Strip Forces by surface

  Forces referred to Sref, Cref, Bref about Xref, Yref, Zref
 Standard axis orientation,  X fwd, Z down         

  Surface # 1     main_wing                               
     # Chordwise =  4   # Spanwise = 20     First strip =  1
     Surface area =    8.662523       Ave. chord =    1.689634
     CLsurf  =   0.62886     Clsurf  =  -0.12702
     CYsurf  =  -0.09281     Cmsurf  =   0.04638
     CDsurf  =   0.04118     Cnsurf  =  -0.01400
     CDisurf =   0.04118     CDvsurf =   0.00000

  Forces referred to Ssurf, Cave about hinge axis thru LE
     CLsurf  =   1.26031     CDsurf  =   0.08167
     Deflect =

 Strip Forces referred to Strip Area, Chord
    j      Yle    Chord     Area     c cl      ai      cl_norm  cl       cd       cdv    cm_c/4    cm_LE  C.P.x/c
     1   0.0076   2.1929   0.0672   4.2951   0.1626   1.9543   1.9529   0.2021   0.0000  -0.1365  -0.6263    0.320
     2   0.0681   2.1809   0.1987   2.9200   0.1607   1.3402   1.3392   0.1141   0.0000  -0.1123  -0.4474    0.334
     3   0.1877   2.1571   0.3222   2.8158   0.1590   1.3078   1.3068   0.1043   0.0000  -0.1128  -0.4395    0.336
     4   0.3634   2.1222   0.4328   2.7863   0.1596   1.3158   1.3148   0.1024   0.0000  -0.1174  -0.4460    0.339
     5   0.5909   2.0770   0.5265   2.7495   0.1622   1.3304   1.3295   0.0817   0.0000  -0.1250  -0.4563    0.344
     6   0.8645   2.0227   0.6004   2.7258   0.1668   1.3521   1.3511   0.0966   0.0000  -0.1341  -0.4714    0.349
     7   1.1860   1.9589   0.6858   2.6905   0.1629   1.3797   1.3787   0.0890   0.0000  -0.1411  -0.4848    0.352
     8   1.5487   1.8868   0.7158   2.5975   0.1478   1.3833   1.3823   0.0864   0.0000  -0.1453  -0.4898    0.355
     9   1.9359   1.8100   0.7226   2.4737   0.1279   1.3735   1.3725   0.0850   0.0000  -0.1466  -0.4886    0.357
    10   2.3380   1.7301   0.7082   2.3402   0.1101   1.3600   1.3590   0.0804   0.0000  -0.1472  -0.4857    0.358
    11   2.7172   1.6548   0.5847   2.2050   0.1047   1.3406   1.3396   0.0745   0.0000  -0.1470  -0.4805    0.360
    12   3.0642   1.5859   0.5465   2.0592   0.1041   1.3064   1.3054   0.0725   0.0000  -0.1458  -0.4708    0.362
    13   3.3984   1.5195   0.4975   1.9066   0.1051   1.2621   1.2612   0.0713   0.0000  -0.1442  -0.4582    0.364
    14   3.7543   1.4488   0.5599   1.7336   0.1091   1.2033   1.2024   0.0697   0.0000  -0.1413  -0.4408    0.368
    15   4.1178   1.3766   0.4744   1.5330   0.1177   1.1196   1.1188   0.0663   0.0000  -0.1364  -0.4151    0.372
    16   4.4355   1.3135   0.3866   1.3039   0.1310   0.9966   0.9958   0.0673   0.0000  -0.1274  -0.3757    0.378
    17   4.6908   1.2629   0.2779   1.0603   0.1539   0.8413   0.8407   0.0665   0.0000  -0.1124  -0.3225    0.384
    18   4.8804   1.2252   0.1975   0.7975   0.1835   0.6508   0.6503   0.0592   0.0000  -0.0905  -0.2533    0.389
    19   5.0095   1.1996   0.1180   0.4984   0.2106   0.4145   0.4142   0.0428   0.0000  -0.0598  -0.1637    0.394
    20   5.0748   1.1866   0.0392   0.1696   0.2267   0.1423   0.1422   0.0164   0.0000  -0.0210  -0.0568    0.398

  Surface # 2     main_wing (YDUP)                        
     # Chordwise =  4   # Spanwise = 20     First strip = 21
     Surface area =    8.662523       Ave. chord =    1.689634
     CLsurf  =   0.62886     Clsurf  =   0.12702
     CYsurf  =   0.09281     Cmsurf  =   0.04638
     CDsurf  =   0.04118     Cnsurf  =   0.01400
     CDisurf =   0.04118     CDvsurf =   0.00000

  Forces referred to Ssurf, Cave about hinge axis thru LE
     CLsurf  =   1.26031     CDsurf  =   0.08167
     Deflect =

 Strip Forces referred to Strip Area, Chord
    j      Yle    Chord     Area     c cl      ai      cl_norm  cl       cd       cdv    cm_c/4    cm_LE  C.P.x/c
    21  -0.0076   2.1929   0.0672   4.2951   0.1626   1.9543   1.9529   0.2021   0.0000  -0.1365   0.6263    0.320
    22  -0.0681   2.1809   0.1987   2.9200   0.1607   1.3402   1.3392   0.1141   0.0000  -0.1123   0.4474    0.334
    23  -0.1877   2.1571   0.3222   2.8158   0.1590   1.3078   1.3068   0.1043   0.0000  -0.1128   0.4395    0.336
    24  -0.3634   2.1222   0.4328   2.7863   0.1596   1.3158   1.3148   0.1024   0.0000  -0.1174   0.4460    0.339
    25  -0.5909   2.0770   0.5265   2.7495   0.1622   1.3304   1.3295   0.0817   0.0000  -0.1250   0.4563    0.344
    26  -0.8645   2.0227   0.6004   2.7258   0.1668   1.3521   1.3511   0.0966   0.0000  -0.1341   0.4714    0.349
    27  -1.1860   1.9589   0.6858   2.6905   0.1629   1.3797   1.3787   0.0890   0.0000  -0.1411   0.4848    0.352
    28  -1.5487   1.8868   0.7158   2.5975   0.1478   1.3833   1.3823   0.0864   0.0000  -0.1453   0.4898    0.355
    29  -1.9359   1.8100   0.7226   2.4737   0.1279   1.3735   1.3725   0.0850   0.0000  -0.1466   0.4886    0.357
    30  -2.3380   1.7301   0.7082   2.3402   0.1101   1.3600   1.3590   0.0804   0.0000  -0.1472   0.4857    0.358
    31  -2.7172   1.6548   0.5847   2.2050   0.1047   1.3406   1.3396   0.0745   0.0000  -0.1470   0.4805    0.360
    32  -3.0642   1.5859   0.5465   2.0592   0.1041   1.3064   1.3054   0.0725   0.0000  -0.1458   0.4708    0.362
    33  -3.3984   1.5195   0.4975   1.9066   0.1051   1.2621   1.2612   0.0713   0.0000  -0.1442   0.4582    0.364
    34  -3.7543   1.4488   0.5599   1.7336   0.1091   1.2033   1.2024   0.0697   0.0000  -0.1413   0.4408    0.368
    35  -4.1178   1.3766   0.4744   1.5330   0.1177   1.1196   1.1188   0.0663   0.0000  -0.1364   0.4151    0.372
    36  -4.4355   1.3135   0.3866   1.3039   0.1310   0.9966   0.9958   0.0673   0.0000  -0.1274   0.3757    0.378
    37  -4.6908   1.2629   0.2779   1.0603   0.1539   0.8413   0.8407   0.0665   0.0000  -0.1124   0.3225    0.384
    38  -4.8804   1.2252   0.1975   0.7975   0.1835   0.6508   0.6503   0.0592   0.0000  -0.0905   0.2533    0.389
    39  -5.0095   1.1996   0.1180   0.4984   0.2106   0.4145   0.4142   0.0428   0.0000  -0.0598   0.1637    0.394
    40  -5.0748   1.1866   0.0392   0.1696   0.2267   0.1423   0.1422   0.0164   0.0000  -0.0210   0.0568    0.398

  Surface # 3     horizontal_stabilizer                   
     # Chordwise =  4   # Spanwise = 20     First strip = 41
     Surface area =    2.000000       Ave. chord =    1.000000
     CLsurf  =   0.01930     Clsurf  =  -0.00164
     CYsurf  =  -0.00046     Cmsurf  =  -0.04925
     CDsurf  =   0.00283     Cnsurf  =   0.00017
     CDisurf =   0.00283     CDvsurf =   0.00000

  Forces referred to Ssurf, Cave about hinge axis thru LE
     CLsurf  =   0.16573     CDsurf  =   0.02430
     Deflect =

 Strip Forces referred to Strip Area, Chord
    j      Yle    Chord     Area     c cl      ai      cl_norm  cl       cd       cdv    cm_c/4    cm_LE  C.P.x/c
    41   0.0028   1.1970   0.0135   0.2176   0.1580   0.1783   0.1777   0.0390   0.0000  -0.0006  -0.0457    0.253
    42   0.0254   1.1926   0.0401   0.2175   0.1578   0.1809   0.1804   0.0275   0.0000  -0.0005  -0.0459    0.253
    43   0.0698   1.1838   0.0652   0.2173   0.1575   0.1822   0.1816   0.0268   0.0000  -0.0004  -0.0460    0.252
    44   0.1388   1.1701   0.0969   0.2165   0.1569   0.1837   0.1831   0.0267   0.0000  -0.0002  -0.0462    0.251
    45   0.2319   1.1517   0.1186   0.2147   0.1562   0.1852   0.1846   0.0269   0.0000  -0.0001  -0.0464    0.250
    46   0.3440   1.1296   0.1361   0.2117   0.1553   0.1862   0.1856   0.0269   0.0000   0.0000  -0.0466    0.250
    47   0.4722   1.1043   0.1492   0.2072   0.1542   0.1864   0.1858   0.0270   0.0000   0.0001  -0.0465    0.249
    48   0.6135   1.0764   0.1576   0.2012   0.1531   0.1857   0.1851   0.0269   0.0000   0.0002  -0.0463    0.249
    49   0.7642   1.0466   0.1613   0.1938   0.1521   0.1839   0.1833   0.0266   0.0000   0.0003  -0.0458    0.249
    50   0.9207   1.0157   0.1605   0.1851   0.1514   0.1810   0.1804   0.0263   0.0000   0.0004  -0.0449    0.248
    51   1.0793   0.9843   0.1555   0.1753   0.1510   0.1768   0.1763   0.0258   0.0000   0.0007  -0.0436    0.246
    52   1.2358   0.9534   0.1469   0.1643   0.1509   0.1712   0.1706   0.0250   0.0000   0.0011  -0.0417    0.243
    53   1.3865   0.9236   0.1353   0.1521   0.1512   0.1635   0.1630   0.0238   0.0000   0.0017  -0.0392    0.239
    54   1.5278   0.8957   0.1211   0.1381   0.1519   0.1531   0.1526   0.0224   0.0000   0.0024  -0.0359    0.234
    55   1.6560   0.8704   0.1049   0.1222   0.1528   0.1394   0.1389   0.0204   0.0000   0.0032  -0.0317    0.227
    56   1.7681   0.8483   0.0873   0.1039   0.1539   0.1216   0.1212   0.0179   0.0000   0.0039  -0.0266    0.218
    57   1.8612   0.8299   0.0687   0.0831   0.1552   0.0994   0.0991   0.0147   0.0000   0.0041  -0.0208    0.208
    58   1.9302   0.8162   0.0450   0.0605   0.1564   0.0736   0.0733   0.0109   0.0000   0.0037  -0.0147    0.199
    59   1.9746   0.8074   0.0271   0.0370   0.1572   0.0454   0.0453   0.0067   0.0000   0.0026  -0.0088    0.192
    60   1.9972   0.8030   0.0091   0.0124   0.1576   0.0154   0.0153   0.0022   0.0000   0.0009  -0.0029    0.188

  Surface # 4     horizontal_stabilizer (YDUP)            
     # Chordwise =  4   # Spanwise = 20     First strip = 61
     Surface area =    2.000000       Ave. chord =    1.000000
     CLsurf  =   0.01930     Clsurf  =   0.00164
     CYsurf  =   0.00046     Cmsurf  =  -0.04925
     CDsurf  =   0.00283     Cnsurf  =  -0.00017
     CDisurf =   0.00283     CDvsurf =   0.00000

  Forces referred to Ssurf, Cave about hinge axis thru LE
     CLsurf  =   0.16573     CDsurf  =   0.02430
     Deflect =

 Strip Forces referred to Strip Area, Chord
    j      Yle    Chord     Area     c cl      ai      cl_norm  cl       cd       cdv    cm_c/4    cm_LE  C.P.x/c
    61  -0.0028   1.1970   0.0135   0.2176   0.1580   0.1783   0.1777   0.0390   0.0000  -0.0006   0.0457    0.253
    62  -0.0254   1.1926   0.0401   0.2175   0.1578   0.1809   0.1804   0.0275   0.0000  -0.0005   0.0459    0.253
    63  -0.0698   1.1838   0.0652   0.2173   0.1575   0.1822   0.1816   0.0268   0.0000  -0.0004   0.0460    0.252
    64  -0.1388   1.1701   0.0969   0.2165   0.1569   0.1837   0.1831   0.0267   0.0000  -0.0002   0.0462    0.251
    65  -0.2319   1.1517   0.1186   0.2147   0.1562   0.1852   0.1846   0.0269   0.0000  -0.0001   0.0464    0.250
    66  -0.3440   1.1296   0.1361   0.2117   0.1553   0.1862   0.1856   0.0269   0.0000   0.0000   0.0466    0.250
    67  -0.4722   1.1043   0.1492   0.2072   0.1542   0.1864   0.1858   0.0270   0.0000   0.0001   0.0465    0.249
    68  -0.6135   1.0764   0.1576   0.2012   0.1531   0.1857   0.1851   0.0269   0.0000   0.0002   0.0463    0.249
    69  -0.7642   1.0466   0.1613   0.1938   0.1521   0.1839   0.1833   0.0266   0.0000   0.0003   0.0458    0.249
    70  -0.9207   1.0157   0.1605   0.1851   0.1514   0.1810   0.1804   0.0263   0.0000   0.0004   0.0449    0.248
    71  -1.0793   0.9843   0.1555   0.1753   0.1510   0.1768   0.1763   0.0258   0.0000   0.0007   0.0436    0.246
    72  -1.2358   0.9534   0.1469   0.1643   0.1509   0.1712   0.1706   0.0250   0.0000   0.0011   0.0417    0.243
    73  -1.3865   0.9236   0.1353   0.1521   0.1512   0.1635   0.1630   0.0238   0.0000   0.0017   0.0392    0.239
    74  -1.5278   0.8957   0.1211   0.1381   0.1519   0.1531   0.1526   0.0224   0.0000   0.0024   0.0359    0.234
    75  -1.6560   0.8704   0.1049   0.1222   0.1528   0.1394   0.1389   0.0204   0.0000   0.0032   0.0317    0.227
    76  -1.7681   0.8483   0.0873   0.1039   0.1539   0.1216   0.1212   0.0179   0.0000   0.0039   0.0266    0.218
    77  -1.8612   0.8299   0.0687   0.0831   0.1552   0.0994   0.0991   0.0147   0.0000   0.0041   0.0208    0.208
    78  -1.9302   0.8162   0.0450   0.0605   0.1564   0.0736   0.0733   0.0109   0.0000   0.0037   0.0147    0.199
    79  -1.9746   0.8074   0.0271   0.0370   0.1572   0.0454   0.0453   0.0067   0.0000   0.0026   0.0088    0.192
    80  -1.9972   0.8030   0.0091   0.0124   0.1576   0.0154   0.0153   0.0022   0.0000   0.0009   0.0029    0.188

  Surface # 5     vertical_stabilizer                     
     # Chordwise =  4   # Spanwise = 20     First strip = 81
     Surface area =    1.336680       Ave. chord =    0.902187
     CLsurf  =   0.00000     Clsurf  =   0.00000
     CYsurf  =   0.00000     Cmsurf  =  -0.00000
     CDsurf  =  -0.00000     Cnsurf  =  -0.00000
     CDisurf =  -0.00000     CDvsurf =   0.00000

  Forces referred to Ssurf, Cave about hinge axis thru LE
     CLsurf  =  -0.00000     CDsurf  =  -0.00000
     Deflect =

 Strip Forces referred to Strip Area, Chord
    j      Yle    Chord     Area     c cl      ai      cl_norm  cl       cd       cdv    cm_c/4    cm_LE  C.P.x/c
    81   0.0000   1.2147   0.0206  -0.0000  -0.0000  -0.0000  -0.0000  -0.0000   0.0000  -0.0000   0.0000    0.130
    82   0.0000   1.2045   0.0371  -0.0000  -0.0000  -0.0000  -0.0000  -0.0000   0.0000  -0.0000   0.0000    0.169
    83   0.0000   1.1886   0.0523  -0.0000  -0.0000  -0.0000  -0.0000  -0.0000   0.0000  -0.0000   0.0000    0.116
    84   0.0000   1.1671   0.0658  -0.0000   0.0000  -0.0000  -0.0000  -0.0000   0.0000   0.0000   0.0000    0.297
    85   0.0000   1.1382   0.0906  -0.0000  -0.0000  -0.0000  -0.0000  -0.0000   0.0000  -0.0000   0.0000    0.127
    86   0.0000   1.1018   0.1003  -0.0000  -0.0000  -0.0000  -0.0000  -0.0000   0.0000   0.0000   0.0000    0.288
    87   0.0000   1.0610   0.1064  -0.0000   0.0000  -0.0000  -0.0000   0.0000   0.0000  -0.0000   0.0000    0.237
    88   0.0000   1.0166   0.1091  -0.0000   0.0000  -0.0000  -0.0000  -0.0000   0.0000   0.0000   0.0000    0.299
    89   0.0000   0.9698   0.1086  -0.0000   0.0000  -0.0000  -0.0000  -0.0000   0.0000  -0.0000   0.0000    0.235
    90   0.0000   0.9216   0.1050  -0.0000  -0.0000  -0.0000  -0.0000  -0.0000   0.0000   0.0000   0.0000    0.253
    91   0.0000   0.8731   0.0989  -0.0000   0.0000  -0.0000  -0.0000  -0.0000   0.0000  -0.0000  -0.0000   -0.531
    92   0.0000   0.8255   0.0908  -0.0000  -0.0000  -0.0000  -0.0000   0.0000   0.0000  -0.0000   0.0000    0.117
    93   0.0000   0.7798   0.0812  -0.0000   0.0000  -0.0000  -0.0000  -0.0000   0.0000  -0.0000   0.0000   -0.010
    94   0.0000   0.7371   0.0706  -0.0000  -0.0000  -0.0000  -0.0000  -0.0000   0.0000  -0.0000   0.0000    0.214
    95   0.0000   0.6985   0.0595  -0.0000  -0.0000  -0.0000  -0.0000   0.0000   0.0000  -0.0000   0.0000    0.100
    96   0.0000   0.6647   0.0483  -0.0000  -0.0000  -0.0000  -0.0000  -0.0000   0.0000  -0.0000   0.0000    0.179
    97   0.0000   0.6356   0.0405  -0.0000  -0.0000  -0.0000  -0.0000   0.0000   0.0000  -0.0000   0.0000    0.088
    98   0.0000   0.6120   0.0285  -0.0000  -0.0000  -0.0000  -0.0000   0.0000   0.0000  -0.0000   0.0000    0.160
    99   0.0000   0.5960   0.0169  -0.0000  -0.0000  -0.0000  -0.0000   0.0000   0.0000  -0.0000   0.0000    0.174
   100   0.0000   0.5879   0.0056  -0.0000   0.0000  -0.0000  -0.0000  -0.0000   0.0000   0.0000   0.0000    0.258
 ---------------------------------------------------------------
