 ---------------------------------------------------------------
 Surface and Strip Forces by surface

  Forces referred to Sref, Cref, Bref about Xref, Yref, Zref
 Standard axis orientation,  X fwd, Z down         

  Surface # 1     main_wing                               
     # Chordwise = 10   # Spanwise = 30     First strip =  1
     Surface area =    8.662745       Ave. chord =    1.689678
     CLsurf  =   0.61933     Clsurf  =  -0.12546
     CYsurf  =  -0.09036     Cmsurf  =  -0.06787
     CDsurf  =   0.04134     Cnsurf  =  -0.01097
     CDisurf =   0.04134     CDvsurf =   0.00000

  Forces referred to Ssurf, Cave about hinge axis thru LE
     CLsurf  =   1.24092     CDsurf  =   0.08196
     Deflect =

 Strip Forces referred to Strip Area, Chord
    j      Yle    Chord     Area     c cl      ai      cl_norm  cl       cd       cdv    cm_c/4    cm_LE  C.P.x/c
     1   0.0034   2.1937   0.0299   4.1585   0.1649   1.8922   1.8909   0.1905   0.0000  -0.1400  -0.6141    0.324
     2   0.0304   2.1884   0.0891   2.8861   0.1619   1.3194   1.3185   0.1157   0.0000  -0.1133  -0.4434    0.336
     3   0.0840   2.1777   0.1468   2.7946   0.1595   1.2853   1.2844   0.1043   0.0000  -0.1121  -0.4333    0.337
     4   0.1638   2.1619   0.2017   2.7733   0.1584   1.2850   1.2841   0.1036   0.0000  -0.1136  -0.4347    0.338
     5   0.2688   2.1410   0.2531   2.7520   0.1582   1.2893   1.2885   0.0934   0.0000  -0.1171  -0.4389    0.341
     6   0.3979   2.1154   0.3000   2.7631   0.1589   1.3071   1.3062   0.1128   0.0000  -0.1208  -0.4477    0.342
     7   0.5496   2.0852   0.3417   2.7665   0.1605   1.3287   1.3278   0.1085   0.0000  -0.1265  -0.4586    0.345
     8   0.7223   2.0509   0.3776   2.7199   0.1629   1.3300   1.3291   0.0979   0.0000  -0.1311  -0.4630    0.349
     9   0.9142   2.0128   0.4073   2.7039   0.1664   1.3477   1.3467   0.0964   0.0000  -0.1364  -0.4726    0.351
    10   1.1285   1.9703   0.4526   2.6525   0.1638   1.3519   1.3509   0.0897   0.0000  -0.1434  -0.4803    0.356
    11   1.3637   1.9236   0.4694   2.6077   0.1541   1.3612   1.3603   0.0906   0.0000  -0.1469  -0.4862    0.358
    12   1.6118   1.8743   0.4793   2.5407   0.1432   1.3618   1.3609   0.0865   0.0000  -0.1483  -0.4875    0.359
    13   1.8700   1.8230   0.4823   2.4552   0.1297   1.3531   1.3521   0.0856   0.0000  -0.1492  -0.4863    0.360
    14   2.1357   1.7703   0.4789   2.3713   0.1155   1.3463   1.3454   0.0820   0.0000  -0.1499  -0.4851    0.361
    15   2.4057   1.7167   0.4695   2.2810   0.1064   1.3361   1.3351   0.0781   0.0000  -0.1500  -0.4826    0.362
    16   2.6723   1.6637   0.4384   2.1889   0.1029   1.3236   1.3227   0.0734   0.0000  -0.1502  -0.4794    0.364
    17   2.9325   1.6120   0.4201   2.0824   0.1020   1.2993   1.2985   0.0733   0.0000  -0.1495  -0.4727    0.365
    18   3.1884   1.5612   0.3979   1.9834   0.1020   1.2784   1.2775   0.0693   0.0000  -0.1489  -0.4669    0.367
    19   3.4372   1.5118   0.3724   1.8717   0.1030   1.2458   1.2450   0.0673   0.0000  -0.1476  -0.4574    0.369
    20   3.6775   1.4641   0.3480   1.7553   0.1055   1.2059   1.2051   0.0680   0.0000  -0.1457  -0.4457    0.371
    21   3.9066   1.4186   0.3174   1.6348   0.1098   1.1588   1.1580   0.0675   0.0000  -0.1431  -0.4314    0.374
    22   4.1206   1.3761   0.2853   1.5060   0.1157   1.0998   1.0991   0.0679   0.0000  -0.1394  -0.4133    0.377
    23   4.3172   1.3370   0.2522   1.3767   0.1234   1.0345   1.0338   0.0651   0.0000  -0.1346  -0.3922    0.380
    24   4.4942   1.3019   0.2186   1.2355   0.1329   0.9528   0.9522   0.0638   0.0000  -0.1278  -0.3652    0.384
    25   4.6536   1.2702   0.1944   1.0859   0.1478   0.8573   0.8568   0.0632   0.0000  -0.1184  -0.3323    0.388
    26   4.7929   1.2426   0.1585   0.9187   0.1674   0.7401   0.7396   0.0625   0.0000  -0.1053  -0.2903    0.392
    27   4.9062   1.2201   0.1229   0.7392   0.1874   0.6057   0.6053   0.0559   0.0000  -0.0887  -0.2403    0.397
    28   4.9923   1.2030   0.0875   0.5425   0.2070   0.4502   0.4499   0.0454   0.0000  -0.0679  -0.1807    0.401
    29   5.0502   1.1915   0.0524   0.3327   0.2246   0.2784   0.2782   0.0300   0.0000  -0.0431  -0.1129    0.405
    30   5.0794   1.1857   0.0174   0.1125   0.2365   0.0946   0.0945   0.0106   0.0000  -0.0149  -0.0386    0.407

  Surface # 2     main_wing (YDUP)                        
     # Chordwise = 10   # Spanwise = 30     First strip = 31
     Surface area =    8.662745       Ave. chord =    1.689678
     CLsurf  =   0.61933     Clsurf  =   0.12546
     CYsurf  =   0.09036     Cmsurf  =  -0.06787
     CDsurf  =   0.04134     Cnsurf  =   0.01097
     CDisurf =   0.04134     CDvsurf =   0.00000

  Forces referred to Ssurf, Cave about hinge axis thru LE
     CLsurf  =   1.24091     CDsurf  =   0.08196
     Deflect =

 Strip Forces referred to Strip Area, Chord
    j      Yle    Chord     Area     c cl      ai      cl_norm  cl       cd       cdv    cm_c/4    cm_LE  C.P.x/c
    31  -0.0034   2.1937   0.0299   4.1585   0.1649   1.8922   1.8909   0.1905   0.0000  -0.1400   0.6141    0.324
    32  -0.0304   2.1884   0.0891   2.8861   0.1619   1.3194   1.3185   0.1157   0.0000  -0.1133   0.4434    0.336
    33  -0.0840   2.1777   0.1468   2.7946   0.1595   1.2853   1.2844   0.1043   0.0000  -0.1121   0.4333    0.337
    34  -0.1638   2.1619   0.2017   2.7733   0.1584   1.2850   1.2841   0.1036   0.0000  -0.1136   0.4347    0.338
    35  -0.2688   2.1410   0.2531   2.7520   0.1582   1.2893   1.2885   0.0934   0.0000  -0.1171   0.4389    0.341
    36  -0.3979   2.1154   0.3000   2.7631   0.1589   1.3071   1.3062   0.1128   0.0000  -0.1208   0.4477    0.342
    37  -0.5496   2.0852   0.3417   2.7665   0.1605   1.3287   1.3278   0.1085   0.0000  -0.1265   0.4586    0.345
    38  -0.7223   2.0509   0.3776   2.7199   0.1629   1.3300   1.3291   0.0979   0.0000  -0.1311   0.4630    0.349
    39  -0.9142   2.0128   0.4073   2.7039   0.1664   1.3477   1.3467   0.0964   0.0000  -0.1364   0.4726    0.351
    40  -1.1285   1.9703   0.4526   2.6525   0.1638   1.3519   1.3509   0.0897   0.0000  -0.1434   0.4803    0.356
    41  -1.3637   1.9236   0.4694   2.6077   0.1541   1.3612   1.3603   0.0906   0.0000  -0.1469   0.4862    0.358
    42  -1.6118   1.8743   0.4793   2.5407   0.1432   1.3618   1.3609   0.0865   0.0000  -0.1483   0.4875    0.359
    43  -1.8700   1.8230   0.4823   2.4552   0.1297   1.3531   1.3521   0.0856   0.0000  -0.1492   0.4863    0.360
    44  -2.1357   1.7703   0.4789   2.3713   0.1155   1.3463   1.3454   0.0820   0.0000  -0.1499   0.4851    0.361
    45  -2.4057   1.7167   0.4695   2.2810   0.1064   1.3361   1.3351   0.0781   0.0000  -0.1500   0.4826    0.362
    46  -2.6723   1.6637   0.4384   2.1889   0.1029   1.3236   1.3227   0.0734   0.0000  -0.1502   0.4794    0.364
    47  -2.9325   1.6120   0.4201   2.0824   0.1020   1.2993   1.2985   0.0733   0.0000  -0.1495   0.4727    0.365
    48  -3.1884   1.5612   0.3979   1.9834   0.1020   1.2784   1.2775   0.0693   0.0000  -0.1489   0.4669    0.367
    49  -3.4372   1.5118   0.3724   1.8717   0.1030   1.2458   1.2450   0.0673   0.0000  -0.1476   0.4574    0.369
    50  -3.6775   1.4641   0.3480   1.7553   0.1055   1.2059   1.2051   0.0680   0.0000  -0.1457   0.4457    0.371
    51  -3.9066   1.4186   0.3174   1.6348   0.1098   1.1588   1.1580   0.0675   0.0000  -0.1431   0.4314    0.374
    52  -4.1206   1.3761   0.2853   1.5060   0.1157   1.0998   1.0991   0.0679   0.0000  -0.1394   0.4133    0.377
    53  -4.3172   1.3370   0.2522   1.3767   0.1234   1.0345   1.0338   0.0651   0.0000  -0.1346   0.3922    0.380
    54  -4.4942   1.3019   0.2186   1.2355   0.1329   0.9528   0.9521   0.0638   0.0000  -0.1278   0.3652    0.384
    55  -4.6536   1.2702   0.1944   1.0859   0.1478   0.8573   0.8568   0.0632   0.0000  -0.1184   0.3323    0.388
    56  -4.7929   1.2426   0.1585   0.9187   0.1674   0.7401   0.7396   0.0625   0.0000  -0.1053   0.2903    0.392
    57  -4.9062   1.2201   0.1229   0.7392   0.1874   0.6057   0.6053   0.0559   0.0000  -0.0887   0.2403    0.397
    58  -4.9923   1.2030   0.0875   0.5425   0.2070   0.4502   0.4499   0.0454   0.0000  -0.0679   0.1807    0.401
    59  -5.0502   1.1915   0.0524   0.3327   0.2246   0.2784   0.2782   0.0300   0.0000  -0.0431   0.1129    0.405
    60  -5.0794   1.1857   0.0174   0.1125   0.2365   0.0946   0.0945   0.0106   0.0000  -0.0149   0.0386    0.407

  Surface # 3     horizontal_stabilizer                   
     # Chordwise = 10   # Spanwise = 30     First strip = 61
     Surface area =    2.000000       Ave. chord =    1.000000
     CLsurf  =   0.01967     Clsurf  =  -0.00168
     CYsurf  =  -0.00046     Cmsurf  =  -0.05378
     CDsurf  =   0.00286     Cnsurf  =   0.00018
     CDisurf =   0.00286     CDvsurf =   0.00000

  Forces referred to Ssurf, Cave about hinge axis thru LE
     CLsurf  =   0.16895     CDsurf  =   0.02456
     Deflect =

 Strip Forces referred to Strip Area, Chord
    j      Yle    Chord     Area     c cl      ai      cl_norm  cl       cd       cdv    cm_c/4    cm_LE  C.P.x/c
    61   0.0016   1.1973   0.0076   0.2214   0.1574   0.1819   0.1814   0.0364   0.0000  -0.0008  -0.0468    0.254
    62   0.0142   1.1948   0.0226   0.2214   0.1571   0.1838   0.1833   0.0278   0.0000  -0.0008  -0.0468    0.254
    63   0.0394   1.1898   0.0373   0.2213   0.1569   0.1847   0.1841   0.0272   0.0000  -0.0007  -0.0469    0.254
    64   0.0768   1.1824   0.0513   0.2211   0.1565   0.1856   0.1851   0.0271   0.0000  -0.0005  -0.0470    0.253
    65   0.1222   1.1734   0.0549   0.2205   0.1562   0.1866   0.1860   0.0271   0.0000  -0.0004  -0.0471    0.252
    66   0.1738   1.1632   0.0653   0.2197   0.1558   0.1876   0.1870   0.0271   0.0000  -0.0002  -0.0472    0.251
    67   0.2344   1.1513   0.0747   0.2187   0.1553   0.1887   0.1881   0.0271   0.0000  -0.0001  -0.0473    0.250
    68   0.3034   1.1376   0.0830   0.2167   0.1548   0.1892   0.1886   0.0272   0.0000  -0.0000  -0.0474    0.250
    69   0.3800   1.1225   0.0900   0.2143   0.1541   0.1896   0.1890   0.0273   0.0000   0.0001  -0.0474    0.250
    70   0.4634   1.1060   0.0957   0.2113   0.1534   0.1898   0.1892   0.0272   0.0000   0.0001  -0.0474    0.249
    71   0.5527   1.0884   0.1000   0.2077   0.1527   0.1895   0.1889   0.0273   0.0000   0.0002  -0.0473    0.249
    72   0.6469   1.0697   0.1030   0.2034   0.1520   0.1888   0.1882   0.0272   0.0000   0.0002  -0.0471    0.249
    73   0.7450   1.0504   0.1046   0.1985   0.1514   0.1877   0.1871   0.0270   0.0000   0.0003  -0.0467    0.249
    74   0.8459   1.0304   0.1050   0.1931   0.1509   0.1861   0.1855   0.0268   0.0000   0.0004  -0.0462    0.248
    75   0.9484   1.0102   0.1040   0.1872   0.1505   0.1840   0.1834   0.0265   0.0000   0.0005  -0.0456    0.247
    76   1.0516   0.9898   0.1019   0.1807   0.1502   0.1813   0.1808   0.0262   0.0000   0.0007  -0.0447    0.246
    77   1.1541   0.9696   0.0987   0.1738   0.1501   0.1780   0.1775   0.0257   0.0000   0.0009  -0.0436    0.245
    78   1.2550   0.9496   0.0946   0.1664   0.1501   0.1740   0.1735   0.0252   0.0000   0.0013  -0.0423    0.243
    79   1.3531   0.9303   0.0896   0.1583   0.1503   0.1690   0.1685   0.0245   0.0000   0.0017  -0.0406    0.240
    80   1.4473   0.9116   0.0838   0.1496   0.1507   0.1630   0.1625   0.0237   0.0000   0.0021  -0.0387    0.237
    81   1.5366   0.8940   0.0773   0.1401   0.1512   0.1557   0.1552   0.0226   0.0000   0.0026  -0.0363    0.233
    82   1.6200   0.8775   0.0703   0.1298   0.1518   0.1469   0.1464   0.0213   0.0000   0.0032  -0.0336    0.228
    83   1.6966   0.8624   0.0629   0.1185   0.1525   0.1365   0.1361   0.0199   0.0000   0.0037  -0.0305    0.223
    84   1.7656   0.8487   0.0551   0.1063   0.1533   0.1244   0.1240   0.0181   0.0000   0.0041  -0.0271    0.217
    85   1.8262   0.8368   0.0470   0.0932   0.1541   0.1106   0.1103   0.0162   0.0000   0.0043  -0.0234    0.211
    86   1.8778   0.8266   0.0387   0.0792   0.1549   0.0951   0.0948   0.0139   0.0000   0.0044  -0.0195    0.204
    87   1.9232   0.8176   0.0355   0.0638   0.1557   0.0774   0.0772   0.0114   0.0000   0.0041  -0.0153    0.197
    88   1.9606   0.8102   0.0254   0.0464   0.1565   0.0569   0.0567   0.0085   0.0000   0.0034  -0.0109    0.190
    89   1.9858   0.8052   0.0153   0.0282   0.1571   0.0347   0.0346   0.0052   0.0000   0.0023  -0.0064    0.184
    90   1.9984   0.8027   0.0051   0.0095   0.1575   0.0117   0.0117   0.0017   0.0000   0.0008  -0.0021    0.181

  Surface # 4     horizontal_stabilizer (YDUP)            
     # Chordwise = 10   # Spanwise = 30     First strip = 91
     Surface area =    2.000000       Ave. chord =    1.000000
     CLsurf  =   0.01967     Clsurf  =   0.00168
     CYsurf  =   0.00046     Cmsurf  =  -0.05378
     CDsurf  =   0.00286     Cnsurf  =  -0.00018
     CDisurf =   0.00286     CDvsurf =   0.00000

  Forces referred to Ssurf, Cave about hinge axis thru LE
     CLsurf  =   0.16895     CDsurf  =   0.02456
     Deflect =

 Strip Forces referred to Strip Area, Chord
    j      Yle    Chord     Area     c cl      ai      cl_norm  cl       cd       cdv    cm_c/4    cm_LE  C.P.x/c
    91  -0.0016   1.1973   0.0076   0.2214   0.1574   0.1819   0.1814   0.0364   0.0000  -0.0008   0.0468    0.254
    92  -0.0142   1.1948   0.0226   0.2214   0.1571   0.1838   0.1833   0.0278   0.0000  -0.0008   0.0468    0.254
    93  -0.0394   1.1898   0.0373   0.2213   0.1569   0.1847   0.1841   0.0272   0.0000  -0.0007   0.0469    0.254
    94  -0.0768   1.1824   0.0513   0.2211   0.1565   0.1856   0.1851   0.0271   0.0000  -0.0005   0.0470    0.253
    95  -0.1222   1.1734   0.0549   0.2205   0.1562   0.1866   0.1860   0.0271   0.0000  -0.0004   0.0471    0.252
    96  -0.1738   1.1632   0.0653   0.2197   0.1558   0.1876   0.1870   0.0271   0.0000  -0.0002   0.0472    0.251
    97  -0.2344   1.1513   0.0747   0.2187   0.1553   0.1887   0.1881   0.0271   0.0000  -0.0001   0.0473    0.250
    98  -0.3034   1.1376   0.0830   0.2167   0.1548   0.1892   0.1886   0.0272   0.0000  -0.0000   0.0474    0.250
    99  -0.3800   1.1225   0.0900   0.2143   0.1541   0.1896   0.1890   0.0273   0.0000   0.0001   0.0474    0.250
   100  -0.4634   1.1060   0.0957   0.2113   0.1534   0.1898   0.1892   0.0272   0.0000   0.0001   0.0474    0.249
   101  -0.5527   1.0884   0.1000   0.2077   0.1527   0.1895   0.1889   0.0273   0.0000   0.0002   0.0473    0.249
   102  -0.6469   1.0697   0.1030   0.2034   0.1520   0.1888   0.1882   0.0272   0.0000   0.0002   0.0471    0.249
   103  -0.7450   1.0504   0.1046   0.1985   0.1514   0.1877   0.1871   0.0270   0.0000   0.0003   0.0467    0.249
   104  -0.8459   1.0304   0.1050   0.1931   0.1509   0.1861   0.1855   0.0268   0.0000   0.0004   0.0462    0.248
   105  -0.9484   1.0102   0.1040   0.1872   0.1505   0.1840   0.1834   0.0265   0.0000   0.0005   0.0456    0.247
   106  -1.0516   0.9898   0.1019   0.1807   0.1502   0.1813   0.1808   0.0262   0.0000   0.0007   0.0447    0.246
   107  -1.1541   0.9696   0.0987   0.1738   0.1501   0.1780   0.1775   0.0257   0.0000   0.0009   0.0436    0.245
   108  -1.2550   0.9496   0.0946   0.1664   0.1501   0.1740   0.1735   0.0252   0.0000   0.0013   0.0423    0.243
   109  -1.3531   0.9303   0.0896   0.1583   0.1503   0.1690   0.1685   0.0245   0.0000   0.0017   0.0406    0.240
   110  -1.4473   0.9116   0.0838   0.1496   0.1507   0.1630   0.1625   0.0237   0.0000   0.0021   0.0387    0.237
   111  -1.5366   0.8940   0.0773   0.1401   0.1512   0.1557   0.1552   0.0226   0.0000   0.0026   0.0363    0.233
   112  -1.6200   0.8775   0.0703   0.1298   0.1518   0.1469   0.1464   0.0213   0.0000   0.0032   0.0336    0.228
   113  -1.6966   0.8624   0.0629   0.1185   0.1525   0.1365   0.1361   0.0199   0.0000   0.0037   0.0305    0.223
   114  -1.7656   0.8487   0.0551   0.1063   0.1533   0.1244   0.1240   0.0181   0.0000   0.0041   0.0271    0.217
   115  -1.8262   0.8368   0.0470   0.0932   0.1541   0.1106   0.1103   0.0162   0.0000   0.0043   0.0234    0.211
   116  -1.8778   0.8266   0.0387   0.0792   0.1549   0.0951   0.0948   0.0139   0.0000   0.0044   0.0195    0.204
   117  -1.9232   0.8176   0.0355   0.0638   0.1557   0.0774   0.0772   0.0114   0.0000   0.0041   0.0153    0.197
   118  -1.9606   0.8102   0.0254   0.0464   0.1565   0.0569   0.0567   0.0085   0.0000   0.0034   0.0109    0.190
   119  -1.9858   0.8052   0.0153   0.0282   0.1571   0.0347   0.0346   0.0052   0.0000   0.0023   0.0064    0.184
   120  -1.9984   0.8027   0.0051   0.0095   0.1575   0.0117   0.0117   0.0017   0.0000   0.0008   0.0021    0.181

  Surface # 5     vertical_stabilizer                     
     # Chordwise = 10   # Spanwise = 30     First strip =121
     Surface area =    1.336749       Ave. chord =    0.902233
     CLsurf  =   0.00000     Clsurf  =   0.00000
     CYsurf  =   0.00000     Cmsurf  =  -0.00000
     CDsurf  =  -0.00000     Cnsurf  =  -0.00000
     CDisurf =  -0.00000     CDvsurf =   0.00000

  Forces referred to Ssurf, Cave about hinge axis thru LE
     CLsurf  =  -0.00000     CDsurf  =  -0.00000
     Deflect =

 Strip Forces referred to Strip Area, Chord
    j      Yle    Chord     Area     c cl      ai      cl_norm  cl       cd       cdv    cm_c/4    cm_LE  C.P.x/c
   121   0.0000   1.2152   0.0161  -0.0000   0.0000  -0.0000  -0.0000   0.0000   0.0000  -0.0000   0.0000    0.180
   122   0.0000   1.2078   0.0261  -0.0000   0.0000  -0.0000  -0.0000   0.0000   0.0000  -0.0000   0.0000    0.188
   123   0.0000   1.1968   0.0358  -0.0000   0.0000  -0.0000  -0.0000  -0.0000   0.0000  -0.0000   0.0000    0.191
   124   0.0000   1.1824   0.0448  -0.0000  -0.0000  -0.0000  -0.0000  -0.0000   0.0000  -0.0000   0.0000    0.184
   125   0.0000   1.1646   0.0530  -0.0000   0.0000  -0.0000  -0.0000  -0.0000   0.0000  -0.0000   0.0000    0.185
   126   0.0000   1.1454   0.0506  -0.0000   0.0000  -0.0000  -0.0000  -0.0000   0.0000  -0.0000   0.0000    0.190
   127   0.0000   1.1254   0.0560  -0.0000   0.0000  -0.0000  -0.0000  -0.0000   0.0000  -0.0000   0.0000    0.196
   128   0.0000   1.1031   0.0606  -0.0000   0.0000  -0.0000  -0.0000   0.0000   0.0000  -0.0000   0.0000    0.210
   129   0.0000   1.0787   0.0642  -0.0000   0.0000  -0.0000  -0.0000   0.0000   0.0000  -0.0000   0.0000    0.210
   130   0.0000   1.0525   0.0669  -0.0000  -0.0000  -0.0000  -0.0000  -0.0000   0.0000  -0.0000   0.0000    0.215
   131   0.0000   1.0247   0.0685  -0.0000   0.0000  -0.0000  -0.0000  -0.0000   0.0000  -0.0000   0.0000    0.231
   132   0.0000   0.9956   0.0692  -0.0000   0.0000  -0.0000  -0.0000  -0.0000   0.0000  -0.0000   0.0000    0.226
   133   0.0000   0.9655   0.0690  -0.0000   0.0000  -0.0000  -0.0000  -0.0000   0.0000  -0.0000   0.0000    0.227
   134   0.0000   0.9348   0.0680  -0.0000   0.0000  -0.0000  -0.0000  -0.0000   0.0000  -0.0000   0.0000    0.229
   135   0.0000   0.9037   0.0662  -0.0000   0.0000  -0.0000  -0.0000  -0.0000   0.0000  -0.0000   0.0000    0.228
   136   0.0000   0.8726   0.0636  -0.0000   0.0000  -0.0000  -0.0000  -0.0000   0.0000  -0.0000   0.0000    0.227
   137   0.0000   0.8417   0.0605  -0.0000   0.0000  -0.0000  -0.0000  -0.0000   0.0000  -0.0000   0.0000    0.224
   138   0.0000   0.8114   0.0569  -0.0000   0.0000  -0.0000  -0.0000  -0.0000   0.0000  -0.0000   0.0000    0.219
   139   0.0000   0.7821   0.0529  -0.0000   0.0000  -0.0000  -0.0000  -0.0000   0.0000  -0.0000   0.0000    0.215
   140   0.0000   0.7540   0.0485  -0.0000   0.0000  -0.0000  -0.0000  -0.0000   0.0000  -0.0000   0.0000    0.213
   141   0.0000   0.7274   0.0440  -0.0000   0.0000  -0.0000  -0.0000  -0.0000   0.0000  -0.0000   0.0000    0.210
   142   0.0000   0.7025   0.0393  -0.0000   0.0000  -0.0000  -0.0000  -0.0000   0.0000  -0.0000   0.0000    0.201
   143   0.0000   0.6798   0.0346  -0.0000   0.0000  -0.0000  -0.0000  -0.0000   0.0000  -0.0000   0.0000    0.195
   144   0.0000   0.6593   0.0298  -0.0000  -0.0000  -0.0000  -0.0000  -0.0000   0.0000  -0.0000   0.0000    0.195
   145   0.0000   0.6402   0.0283  -0.0000   0.0000  -0.0000  -0.0000  -0.0000   0.0000  -0.0000   0.0000    0.193
   146   0.0000   0.6229   0.0230  -0.0000   0.0000  -0.0000  -0.0000  -0.0000   0.0000  -0.0000   0.0000    0.185
   147   0.0000   0.6088   0.0177  -0.0000  -0.0000  -0.0000  -0.0000  -0.0000   0.0000  -0.0000   0.0000    0.177
   148   0.0000   0.5981   0.0126  -0.0000  -0.0000  -0.0000  -0.0000  -0.0000   0.0000  -0.0000   0.0000    0.167
   149   0.0000   0.5910   0.0075  -0.0000   0.0000  -0.0000  -0.0000  -0.0000   0.0000  -0.0000   0.0000    0.153
   150   0.0000   0.5874   0.0025  -0.0000   0.0000  -0.0000  -0.0000  -0.0000   0.0000  -0.0000   0.0000    0.155
 ---------------------------------------------------------------
