 ---------------------------------------------------------------
 Surface and Strip Forces by surface

  Forces referred to Sref, Cref, Bref about Xref, Yref, Zref
 Standard axis orientation,  X fwd, Z down         

  Surface # 1     main_wing                               
     # Chordwise = 10   # Spanwise = 30     First strip =  1
     Surface area =    8.662745       Ave. chord =    1.689678
     CLsurf  =   0.43439     Clsurf  =  -0.08856
     CYsurf  =  -0.05932     Cmsurf  =  -0.07400
     CDsurf  =   0.02031     Cnsurf  =  -0.00172
     CDisurf =   0.02031     CDvsurf =   0.00000

  Forces referred to Ssurf, Cave about hinge axis thru LE
     CLsurf  =   0.86933     CDsurf  =   0.04028
     Deflect =

 Strip Forces referred to Strip Area, Chord
    j      Yle    Chord     Area     c cl      ai      cl_norm  cl       cd       cdv    cm_c/4    cm_LE  C.P.x/c
     1   0.0034   2.1937   0.0299   2.6500   0.1010   1.2093   1.2091   0.0396   0.0000  -0.1476  -0.4493    0.372
     2   0.0304   2.1884   0.0891   2.0144   0.0986   0.9196   0.9194   0.0529   0.0000  -0.1171  -0.3470    0.377
     3   0.0840   2.1777   0.1468   1.9682   0.0969   0.9030   0.9028   0.0504   0.0000  -0.1157  -0.3415    0.378
     4   0.1638   2.1619   0.2017   1.9579   0.0964   0.9048   0.9046   0.0510   0.0000  -0.1171  -0.3434    0.379
     5   0.2688   2.1410   0.2531   1.9492   0.0969   0.9100   0.9098   0.0464   0.0000  -0.1200  -0.3474    0.382
     6   0.3979   2.1154   0.3000   1.9534   0.0984   0.9222   0.9220   0.0564   0.0000  -0.1243  -0.3550    0.385
     7   0.5496   2.0852   0.3417   1.9544   0.1009   0.9362   0.9360   0.0551   0.0000  -0.1303  -0.3644    0.389
     8   0.7223   2.0509   0.3776   1.9318   0.1044   0.9412   0.9410   0.0506   0.0000  -0.1347  -0.3700    0.393
     9   0.9142   2.0128   0.4073   1.9187   0.1092   0.9527   0.9525   0.0499   0.0000  -0.1411  -0.3792    0.398
    10   1.1285   1.9703   0.4526   1.8905   0.1085   0.9593   0.9591   0.0466   0.0000  -0.1467  -0.3864    0.403
    11   1.3637   1.9236   0.4694   1.8556   0.1016   0.9644   0.9642   0.0470   0.0000  -0.1501  -0.3911    0.406
    12   1.6118   1.8743   0.4793   1.8047   0.0956   0.9628   0.9626   0.0446   0.0000  -0.1517  -0.3922    0.408
    13   1.8700   1.8230   0.4823   1.7420   0.0904   0.9556   0.9553   0.0439   0.0000  -0.1525  -0.3912    0.410
    14   2.1357   1.7703   0.4789   1.6776   0.0857   0.9478   0.9476   0.0415   0.0000  -0.1533  -0.3900    0.412
    15   2.4057   1.7167   0.4695   1.6079   0.0812   0.9370   0.9368   0.0388   0.0000  -0.1536  -0.3876    0.414
    16   2.6723   1.6637   0.4384   1.5369   0.0774   0.9243   0.9241   0.0358   0.0000  -0.1539  -0.3847    0.417
    17   2.9325   1.6120   0.4201   1.4582   0.0748   0.9051   0.9049   0.0354   0.0000  -0.1535  -0.3794    0.420
    18   3.1884   1.5612   0.3979   1.3830   0.0729   0.8865   0.8863   0.0327   0.0000  -0.1533  -0.3745    0.423
    19   3.4372   1.5118   0.3724   1.3008   0.0718   0.8611   0.8609   0.0314   0.0000  -0.1525  -0.3674    0.427
    20   3.6775   1.4641   0.3480   1.2164   0.0722   0.8314   0.8312   0.0314   0.0000  -0.1512  -0.3587    0.432
    21   3.9066   1.4186   0.3174   1.1302   0.0741   0.7972   0.7970   0.0309   0.0000  -0.1493  -0.3483    0.437
    22   4.1206   1.3761   0.2853   1.0397   0.0774   0.7559   0.7557   0.0309   0.0000  -0.1466  -0.3352    0.444
    23   4.3172   1.3370   0.2522   0.9489   0.0822   0.7100   0.7098   0.0292   0.0000  -0.1428  -0.3200    0.451
    24   4.4942   1.3019   0.2186   0.8517   0.0886   0.6544   0.6542   0.0285   0.0000  -0.1370  -0.3004    0.459
    25   4.6536   1.2702   0.1944   0.7500   0.1004   0.5903   0.5902   0.0287   0.0000  -0.1285  -0.2760    0.468
    26   4.7929   1.2426   0.1585   0.6373   0.1170   0.5124   0.5123   0.0292   0.0000  -0.1160  -0.2440    0.476
    27   4.9062   1.2201   0.1229   0.5150   0.1342   0.4215   0.4214   0.0266   0.0000  -0.0991  -0.2044    0.485
    28   4.9923   1.2030   0.0875   0.3798   0.1513   0.3150   0.3150   0.0219   0.0000  -0.0769  -0.1557    0.494
    29   5.0502   1.1915   0.0524   0.2338   0.1671   0.1957   0.1957   0.0147   0.0000  -0.0493  -0.0983    0.502
    30   5.0794   1.1857   0.0174   0.0792   0.1778   0.0666   0.0666   0.0053   0.0000  -0.0171  -0.0338    0.507

  Surface # 2     main_wing (YDUP)                        
     # Chordwise = 10   # Spanwise = 30     First strip = 31
     Surface area =    8.662745       Ave. chord =    1.689678
     CLsurf  =   0.43439     Clsurf  =   0.08856
     CYsurf  =   0.05932     Cmsurf  =  -0.07400
     CDsurf  =   0.02031     Cnsurf  =   0.00172
     CDisurf =   0.02031     CDvsurf =   0.00000

  Forces referred to Ssurf, Cave about hinge axis thru LE
     CLsurf  =   0.86932     CDsurf  =   0.04028
     Deflect =

 Strip Forces referred to Strip Area, Chord
    j      Yle    Chord     Area     c cl      ai      cl_norm  cl       cd       cdv    cm_c/4    cm_LE  C.P.x/c
    31  -0.0034   2.1937   0.0299   2.6500   0.1010   1.2093   1.2091   0.0396   0.0000  -0.1476   0.4493    0.372
    32  -0.0304   2.1884   0.0891   2.0144   0.0986   0.9196   0.9194   0.0529   0.0000  -0.1171   0.3470    0.377
    33  -0.0840   2.1777   0.1468   1.9682   0.0969   0.9030   0.9028   0.0504   0.0000  -0.1157   0.3415    0.378
    34  -0.1638   2.1619   0.2017   1.9579   0.0964   0.9048   0.9046   0.0510   0.0000  -0.1171   0.3434    0.379
    35  -0.2688   2.1410   0.2531   1.9492   0.0969   0.9100   0.9098   0.0464   0.0000  -0.1200   0.3474    0.382
    36  -0.3979   2.1154   0.3000   1.9534   0.0984   0.9222   0.9220   0.0564   0.0000  -0.1243   0.3550    0.385
    37  -0.5496   2.0852   0.3417   1.9544   0.1009   0.9362   0.9360   0.0551   0.0000  -0.1303   0.3644    0.389
    38  -0.7223   2.0509   0.3776   1.9318   0.1044   0.9412   0.9410   0.0506   0.0000  -0.1347   0.3700    0.393
    39  -0.9142   2.0128   0.4073   1.9187   0.1092   0.9527   0.9525   0.0499   0.0000  -0.1411   0.3792    0.398
    40  -1.1285   1.9703   0.4526   1.8905   0.1085   0.9593   0.9591   0.0466   0.0000  -0.1467   0.3864    0.403
    41  -1.3637   1.9236   0.4694   1.8556   0.1016   0.9644   0.9642   0.0470   0.0000  -0.1501   0.3911    0.406
    42  -1.6118   1.8743   0.4793   1.8047   0.0956   0.9628   0.9626   0.0446   0.0000  -0.1517   0.3922    0.408
    43  -1.8700   1.8230   0.4823   1.7420   0.0904   0.9556   0.9553   0.0439   0.0000  -0.1525   0.3912    0.410
    44  -2.1357   1.7703   0.4789   1.6776   0.0857   0.9478   0.9476   0.0415   0.0000  -0.1533   0.3900    0.412
    45  -2.4057   1.7167   0.4695   1.6079   0.0812   0.9370   0.9368   0.0388   0.0000  -0.1536   0.3876    0.414
    46  -2.6723   1.6637   0.4384   1.5369   0.0774   0.9243   0.9241   0.0358   0.0000  -0.1539   0.3847    0.417
    47  -2.9325   1.6120   0.4201   1.4582   0.0748   0.9051   0.9049   0.0354   0.0000  -0.1535   0.3794    0.420
    48  -3.1884   1.5612   0.3979   1.3830   0.0729   0.8865   0.8863   0.0327   0.0000  -0.1533   0.3745    0.423
    49  -3.4372   1.5118   0.3724   1.3008   0.0718   0.8611   0.8609   0.0314   0.0000  -0.1525   0.3674    0.427
    50  -3.6775   1.4641   0.3480   1.2164   0.0722   0.8314   0.8312   0.0314   0.0000  -0.1512   0.3587    0.432
    51  -3.9066   1.4186   0.3174   1.1302   0.0741   0.7972   0.7970   0.0309   0.0000  -0.1493   0.3483    0.437
    52  -4.1206   1.3761   0.2853   1.0397   0.0774   0.7559   0.7557   0.0309   0.0000  -0.1466   0.3352    0.444
    53  -4.3172   1.3370   0.2522   0.9489   0.0822   0.7100   0.7098   0.0292   0.0000  -0.1428   0.3200    0.451
    54  -4.4942   1.3019   0.2186   0.8517   0.0886   0.6544   0.6542   0.0285   0.0000  -0.1370   0.3004    0.459
    55  -4.6536   1.2702   0.1944   0.7500   0.1004   0.5903   0.5902   0.0287   0.0000  -0.1285   0.2760    0.468
    56  -4.7929   1.2426   0.1585   0.6373   0.1170   0.5124   0.5123   0.0292   0.0000  -0.1160   0.2440    0.476
    57  -4.9062   1.2201   0.1229   0.5150   0.1342   0.4215   0.4214   0.0266   0.0000  -0.0991   0.2044    0.485
    58  -4.9923   1.2030   0.0875   0.3798   0.1513   0.3150   0.3150   0.0219   0.0000  -0.0769   0.1557    0.494
    59  -5.0502   1.1915   0.0524   0.2338   0.1671   0.1957   0.1957   0.0147   0.0000  -0.0493   0.0983    0.502
    60  -5.0794   1.1857   0.0174   0.0792   0.1778   0.0666   0.0666   0.0053   0.0000  -0.0171   0.0338    0.507

  Surface # 3     horizontal_stabilizer                   
     # Chordwise = 10   # Spanwise = 30     First strip = 61
     Surface area =    2.000000       Ave. chord =    1.000000
     CLsurf  =  -0.00157     Clsurf  =   0.00015
     CYsurf  =   0.00002     Cmsurf  =   0.00414
     CDsurf  =  -0.00015     Cnsurf  =  -0.00001
     CDisurf =  -0.00015     CDvsurf =   0.00000

  Forces referred to Ssurf, Cave about hinge axis thru LE
     CLsurf  =  -0.01345     CDsurf  =  -0.00125
     Deflect =

 Strip Forces referred to Strip Area, Chord
    j      Yle    Chord     Area     c cl      ai      cl_norm  cl       cd       cdv    cm_c/4    cm_LE  C.P.x/c
    61   0.0016   1.1973   0.0076  -0.0116   0.0902  -0.0097  -0.0097  -0.0008   0.0000  -0.0014   0.0010    0.108
    62   0.0142   1.1948   0.0226  -0.0116   0.0902  -0.0097  -0.0097  -0.0009   0.0000  -0.0014   0.0010    0.108
    63   0.0394   1.1898   0.0373  -0.0116   0.0902  -0.0098  -0.0097  -0.0009   0.0000  -0.0014   0.0010    0.107
    64   0.0768   1.1824   0.0513  -0.0117   0.0902  -0.0099  -0.0098  -0.0009   0.0000  -0.0014   0.0011    0.107
    65   0.1222   1.1734   0.0549  -0.0118   0.0901  -0.0101  -0.0100  -0.0009   0.0000  -0.0014   0.0011    0.107
    66   0.1738   1.1632   0.0653  -0.0120   0.0900  -0.0103  -0.0103  -0.0009   0.0000  -0.0015   0.0011    0.108
    67   0.2344   1.1513   0.0747  -0.0123   0.0898  -0.0107  -0.0107  -0.0010   0.0000  -0.0015   0.0012    0.110
    68   0.3034   1.1376   0.0830  -0.0128   0.0896  -0.0112  -0.0112  -0.0010   0.0000  -0.0015   0.0013    0.113
    69   0.3800   1.1225   0.0900  -0.0133   0.0893  -0.0119  -0.0118  -0.0011   0.0000  -0.0016   0.0014    0.116
    70   0.4634   1.1060   0.0957  -0.0140   0.0889  -0.0126  -0.0126  -0.0012   0.0000  -0.0016   0.0015    0.120
    71   0.5527   1.0884   0.1000  -0.0148   0.0885  -0.0135  -0.0135  -0.0013   0.0000  -0.0017   0.0017    0.123
    72   0.6469   1.0697   0.1030  -0.0155   0.0881  -0.0145  -0.0144  -0.0013   0.0000  -0.0018   0.0018    0.127
    73   0.7450   1.0504   0.1046  -0.0162   0.0877  -0.0154  -0.0154  -0.0014   0.0000  -0.0018   0.0020    0.130
    74   0.8459   1.0304   0.1050  -0.0168   0.0873  -0.0163  -0.0162  -0.0015   0.0000  -0.0019   0.0022    0.133
    75   0.9484   1.0102   0.1040  -0.0171   0.0870  -0.0170  -0.0169  -0.0016   0.0000  -0.0019   0.0023    0.135
    76   1.0516   0.9898   0.1019  -0.0172   0.0866  -0.0174  -0.0173  -0.0016   0.0000  -0.0020   0.0024    0.137
    77   1.1541   0.9696   0.0987  -0.0170   0.0862  -0.0176  -0.0175  -0.0016   0.0000  -0.0020   0.0024    0.138
    78   1.2550   0.9496   0.0946  -0.0165   0.0858  -0.0174  -0.0173  -0.0016   0.0000  -0.0019   0.0024    0.138
    79   1.3531   0.9303   0.0896  -0.0158   0.0854  -0.0169  -0.0169  -0.0016   0.0000  -0.0019   0.0023    0.137
    80   1.4473   0.9116   0.0838  -0.0147   0.0851  -0.0161  -0.0161  -0.0015   0.0000  -0.0019   0.0022    0.135
    81   1.5366   0.8940   0.0773  -0.0135   0.0847  -0.0151  -0.0151  -0.0014   0.0000  -0.0018   0.0020    0.131
    82   1.6200   0.8775   0.0703  -0.0122   0.0844  -0.0139  -0.0138  -0.0013   0.0000  -0.0017   0.0017    0.126
    83   1.6966   0.8624   0.0629  -0.0107   0.0841  -0.0124  -0.0124  -0.0011   0.0000  -0.0016   0.0015    0.119
    84   1.7656   0.8487   0.0551  -0.0093   0.0839  -0.0109  -0.0109  -0.0010   0.0000  -0.0015   0.0012    0.110
    85   1.8262   0.8368   0.0470  -0.0078   0.0837  -0.0093  -0.0093  -0.0009   0.0000  -0.0014   0.0009    0.100
    86   1.8778   0.8266   0.0387  -0.0064   0.0835  -0.0077  -0.0077  -0.0007   0.0000  -0.0012   0.0007    0.089
    87   1.9232   0.8176   0.0355  -0.0049   0.0834  -0.0060  -0.0060  -0.0006   0.0000  -0.0010   0.0005    0.076
    88   1.9606   0.8102   0.0254  -0.0035   0.0833  -0.0043  -0.0043  -0.0004   0.0000  -0.0008   0.0003    0.063
    89   1.9858   0.8052   0.0153  -0.0021   0.0832  -0.0026  -0.0026  -0.0002   0.0000  -0.0005   0.0001    0.051
    90   1.9984   0.8027   0.0051  -0.0007   0.0832  -0.0009  -0.0008  -0.0001   0.0000  -0.0002   0.0000    0.045

  Surface # 4     horizontal_stabilizer (YDUP)            
     # Chordwise = 10   # Spanwise = 30     First strip = 91
     Surface area =    2.000000       Ave. chord =    1.000000
     CLsurf  =  -0.00157     Clsurf  =  -0.00015
     CYsurf  =  -0.00002     Cmsurf  =   0.00414
     CDsurf  =  -0.00015     Cnsurf  =   0.00001
     CDisurf =  -0.00015     CDvsurf =   0.00000

  Forces referred to Ssurf, Cave about hinge axis thru LE
     CLsurf  =  -0.01345     CDsurf  =  -0.00125
     Deflect =

 Strip Forces referred to Strip Area, Chord
    j      Yle    Chord     Area     c cl      ai      cl_norm  cl       cd       cdv    cm_c/4    cm_LE  C.P.x/c
    91  -0.0016   1.1973   0.0076  -0.0116   0.0902  -0.0097  -0.0097  -0.0008   0.0000  -0.0014  -0.0010    0.108
    92  -0.0142   1.1948   0.0226  -0.0116   0.0902  -0.0097  -0.0097  -0.0009   0.0000  -0.0014  -0.0010    0.108
    93  -0.0394   1.1898   0.0373  -0.0116   0.0902  -0.0098  -0.0097  -0.0009   0.0000  -0.0014  -0.0010    0.107
    94  -0.0768   1.1824   0.0513  -0.0117   0.0902  -0.0099  -0.0098  -0.0009   0.0000  -0.0014  -0.0011    0.107
    95  -0.1222   1.1734   0.0549  -0.0118   0.0901  -0.0101  -0.0100  -0.0009   0.0000  -0.0014  -0.0011    0.107
    96  -0.1738   1.1632   0.0653  -0.0120   0.0900  -0.0103  -0.0103  -0.0009   0.0000  -0.0015  -0.0011    0.108
    97  -0.2344   1.1513   0.0747  -0.0123   0.0898  -0.0107  -0.0107  -0.0010   0.0000  -0.0015  -0.0012    0.110
    98  -0.3034   1.1376   0.0830  -0.0128   0.0896  -0.0112  -0.0112  -0.0010   0.0000  -0.0015  -0.0013    0.113
    99  -0.3800   1.1225   0.0900  -0.0133   0.0893  -0.0119  -0.0118  -0.0011   0.0000  -0.0016  -0.0014    0.116
   100  -0.4634   1.1060   0.0957  -0.0140   0.0889  -0.0126  -0.0126  -0.0012   0.0000  -0.0016  -0.0015    0.120
   101  -0.5527   1.0884   0.1000  -0.0148   0.0885  -0.0135  -0.0135  -0.0013   0.0000  -0.0017  -0.0017    0.123
   102  -0.6469   1.0697   0.1030  -0.0155   0.0881  -0.0145  -0.0144  -0.0013   0.0000  -0.0018  -0.0018    0.127
   103  -0.7450   1.0504   0.1046  -0.0162   0.0877  -0.0154  -0.0154  -0.0014   0.0000  -0.0018  -0.0020    0.130
   104  -0.8459   1.0304   0.1050  -0.0168   0.0873  -0.0163  -0.0162  -0.0015   0.0000  -0.0019  -0.0022    0.133
   105  -0.9484   1.0102   0.1040  -0.0171   0.0870  -0.0170  -0.0169  -0.0016   0.0000  -0.0019  -0.0023    0.135
   106  -1.0516   0.9898   0.1019  -0.0172   0.0866  -0.0174  -0.0173  -0.0016   0.0000  -0.0020  -0.0024    0.137
   107  -1.1541   0.9696   0.0987  -0.0170   0.0862  -0.0176  -0.0175  -0.0016   0.0000  -0.0020  -0.0024    0.138
   108  -1.2550   0.9496   0.0946  -0.0165   0.0858  -0.0174  -0.0173  -0.0016   0.0000  -0.0019  -0.0024    0.138
   109  -1.3531   0.9303   0.0896  -0.0158   0.0854  -0.0169  -0.0169  -0.0016   0.0000  -0.0019  -0.0023    0.137
   110  -1.4473   0.9116   0.0838  -0.0147   0.0851  -0.0161  -0.0161  -0.0015   0.0000  -0.0019  -0.0022    0.135
   111  -1.5366   0.8940   0.0773  -0.0135   0.0847  -0.0151  -0.0151  -0.0014   0.0000  -0.0018  -0.0020    0.131
   112  -1.6200   0.8775   0.0703  -0.0122   0.0844  -0.0138  -0.0138  -0.0013   0.0000  -0.0017  -0.0017    0.126
   113  -1.6966   0.8624   0.0629  -0.0107   0.0841  -0.0124  -0.0124  -0.0011   0.0000  -0.0016  -0.0015    0.119
   114  -1.7656   0.8487   0.0551  -0.0093   0.0839  -0.0109  -0.0109  -0.0010   0.0000  -0.0015  -0.0012    0.110
   115  -1.8262   0.8368   0.0470  -0.0078   0.0837  -0.0093  -0.0093  -0.0009   0.0000  -0.0014  -0.0009    0.100
   116  -1.8778   0.8266   0.0387  -0.0064   0.0835  -0.0077  -0.0077  -0.0007   0.0000  -0.0012  -0.0007    0.089
   117  -1.9232   0.8176   0.0355  -0.0049   0.0834  -0.0060  -0.0060  -0.0006   0.0000  -0.0010  -0.0005    0.076
   118  -1.9606   0.8102   0.0254  -0.0035   0.0833  -0.0043  -0.0043  -0.0004   0.0000  -0.0008  -0.0003    0.063
   119  -1.9858   0.8052   0.0153  -0.0021   0.0832  -0.0026  -0.0026  -0.0002   0.0000  -0.0005  -0.0001    0.051
   120  -1.9984   0.8027   0.0051  -0.0007   0.0832  -0.0009  -0.0008  -0.0001   0.0000  -0.0002  -0.0000    0.045

  Surface # 5     vertical_stabilizer                     
     # Chordwise = 10   # Spanwise = 30     First strip =121
     Surface area =    1.336749       Ave. chord =    0.902233
     CLsurf  =   0.00000     Clsurf  =   0.00000
     CYsurf  =   0.00000     Cmsurf  =  -0.00000
     CDsurf  =  -0.00000     Cnsurf  =  -0.00000
     CDisurf =  -0.00000     CDvsurf =   0.00000

  Forces referred to Ssurf, Cave about hinge axis thru LE
     CLsurf  =  -0.00000     CDsurf  =  -0.00000
     Deflect =

 Strip Forces referred to Strip Area, Chord
    j      Yle    Chord     Area     c cl      ai      cl_norm  cl       cd       cdv    cm_c/4    cm_LE  C.P.x/c
   121   0.0000   1.2152   0.0161  -0.0000  -0.0000  -0.0000  -0.0000  -0.0000   0.0000  -0.0000   0.0000    0.173
   122   0.0000   1.2078   0.0261  -0.0000   0.0000  -0.0000  -0.0000  -0.0000   0.0000  -0.0000   0.0000    0.181
   123   0.0000   1.1968   0.0358  -0.0000  -0.0000  -0.0000  -0.0000  -0.0000   0.0000  -0.0000   0.0000    0.188
   124   0.0000   1.1824   0.0448  -0.0000  -0.0000  -0.0000  -0.0000  -0.0000   0.0000  -0.0000   0.0000    0.180
   125   0.0000   1.1646   0.0530  -0.0000   0.0000  -0.0000  -0.0000   0.0000   0.0000  -0.0000   0.0000    0.178
   126   0.0000   1.1454   0.0506  -0.0000  -0.0000  -0.0000  -0.0000  -0.0000   0.0000  -0.0000   0.0000    0.181
   127   0.0000   1.1254   0.0560  -0.0000   0.0000  -0.0000  -0.0000  -0.0000   0.0000  -0.0000   0.0000    0.188
   128   0.0000   1.1031   0.0606  -0.0000  -0.0000  -0.0000  -0.0000   0.0000   0.0000  -0.0000   0.0000    0.211
   129   0.0000   1.0787   0.0642  -0.0000   0.0000  -0.0000  -0.0000  -0.0000   0.0000  -0.0000   0.0000    0.209
   130   0.0000   1.0525   0.0669  -0.0000  -0.0000  -0.0000  -0.0000  -0.0000   0.0000  -0.0000   0.0000    0.213
   131   0.0000   1.0247   0.0685  -0.0000  -0.0000  -0.0000  -0.0000  -0.0000   0.0000  -0.0000   0.0000    0.232
   132   0.0000   0.9956   0.0692  -0.0000   0.0000  -0.0000  -0.0000  -0.0000   0.0000  -0.0000   0.0000    0.223
   133   0.0000   0.9655   0.0690  -0.0000   0.0000  -0.0000  -0.0000  -0.0000   0.0000  -0.0000   0.0000    0.223
   134   0.0000   0.9348   0.0680  -0.0000  -0.0000  -0.0000  -0.0000  -0.0000   0.0000  -0.0000   0.0000    0.226
   135   0.0000   0.9037   0.0662  -0.0000  -0.0000  -0.0000  -0.0000  -0.0000   0.0000  -0.0000   0.0000    0.224
   136   0.0000   0.8726   0.0636  -0.0000  -0.0000  -0.0000  -0.0000  -0.0000   0.0000  -0.0000   0.0000    0.218
   137   0.0000   0.8417   0.0605  -0.0000   0.0000  -0.0000  -0.0000  -0.0000   0.0000  -0.0000   0.0000    0.217
   138   0.0000   0.8114   0.0569  -0.0000   0.0000  -0.0000  -0.0000  -0.0000   0.0000  -0.0000   0.0000    0.210
   139   0.0000   0.7821   0.0529  -0.0000   0.0000  -0.0000  -0.0000  -0.0000   0.0000  -0.0000   0.0000    0.206
   140   0.0000   0.7540   0.0485  -0.0000   0.0000  -0.0000  -0.0000  -0.0000   0.0000  -0.0000   0.0000    0.204
   141   0.0000   0.7274   0.0440  -0.0000   0.0000  -0.0000  -0.0000  -0.0000   0.0000  -0.0000   0.0000    0.201
   142   0.0000   0.7025   0.0393  -0.0000   0.0000  -0.0000  -0.0000  -0.0000   0.0000  -0.0000   0.0000    0.191
   143   0.0000   0.6798   0.0346  -0.0000   0.0000  -0.0000  -0.0000  -0.0000   0.0000  -0.0000   0.0000    0.184
   144   0.0000   0.6593   0.0298  -0.0000   0.0000  -0.0000  -0.0000  -0.0000   0.0000  -0.0000   0.0000    0.186
   145   0.0000   0.6402   0.0283  -0.0000  -0.0000  -0.0000  -0.0000  -0.0000   0.0000  -0.0000   0.0000    0.185
   146   0.0000   0.6229   0.0230  -0.0000   0.0000  -0.0000  -0.0000  -0.0000   0.0000  -0.0000   0.0000    0.179
   147   0.0000   0.6088   0.0177  -0.0000  -0.0000  -0.0000  -0.0000  -0.0000   0.0000  -0.0000   0.0000    0.168
   148   0.0000   0.5981   0.0126  -0.0000   0.0000  -0.0000  -0.0000  -0.0000   0.0000  -0.0000   0.0000    0.155
   149   0.0000   0.5910   0.0075  -0.0000  -0.0000  -0.0000  -0.0000  -0.0000   0.0000  -0.0000   0.0000    0.138
   150   0.0000   0.5874   0.0025  -0.0000  -0.0000  -0.0000  -0.0000  -0.0000   0.0000  -0.0000   0.0000    0.143
 ---------------------------------------------------------------
