 ---------------------------------------------------------------
 Surface and Strip Forces by surface

  Forces referred to Sref, Cref, Bref about Xref, Yref, Zref
 Standard axis orientation,  X fwd, Z down         

  Surface # 1     main_wing                               
     # Chordwise =  4   # Spanwise = 20     First strip =  1
     Surface area =    8.662523       Ave. chord =    1.689634
     CLsurf  =   0.24987     Clsurf  =  -0.05036
     CYsurf  =  -0.03198     Cmsurf  =  -0.02986
     CDsurf  =   0.00638     Cnsurf  =   0.00180
     CDisurf =   0.00638     CDvsurf =   0.00000

  Forces referred to Ssurf, Cave about hinge axis thru LE
     CLsurf  =   0.49952     CDsurf  =   0.01265
     Deflect =

 Strip Forces referred to Strip Area, Chord
    j      Yle    Chord     Area     c cl      ai      cl_norm  cl       cd       cdv    cm_c/4    cm_LE  C.P.x/c
     1   0.0076   2.1929   0.0672   1.4369   0.0344   0.6553   0.6553  -0.0166   0.0000  -0.1398  -0.3032    0.463
     2   0.0681   2.1809   0.1987   1.1626   0.0338   0.5331   0.5331   0.0150   0.0000  -0.1170  -0.2500    0.470
     3   0.1877   2.1571   0.3222   1.1420   0.0342   0.5294   0.5294   0.0167   0.0000  -0.1178  -0.2498    0.472
     4   0.3634   2.1222   0.4328   1.1386   0.0369   0.5365   0.5365   0.0176   0.0000  -0.1223  -0.2561    0.478
     5   0.5909   2.0770   0.5265   1.1356   0.0422   0.5467   0.5467   0.0139   0.0000  -0.1297  -0.2660    0.487
     6   0.8645   2.0227   0.6004   1.1331   0.0503   0.5602   0.5602   0.0177   0.0000  -0.1390  -0.2787    0.498
     7   1.1860   1.9589   0.6858   1.1152   0.0520   0.5693   0.5693   0.0177   0.0000  -0.1468  -0.2887    0.508
     8   1.5487   1.8868   0.7158   1.0707   0.0480   0.5675   0.5675   0.0161   0.0000  -0.1504  -0.2918    0.515
     9   1.9359   1.8100   0.7226   1.0089   0.0529   0.5574   0.5574   0.0153   0.0000  -0.1519  -0.2908    0.522
    10   2.3380   1.7301   0.7082   0.9391   0.0574   0.5428   0.5428   0.0133   0.0000  -0.1529  -0.2882    0.532
    11   2.7172   1.6548   0.5847   0.8687   0.0521   0.5250   0.5250   0.0112   0.0000  -0.1534  -0.2843    0.542
    12   3.0642   1.5859   0.5465   0.7982   0.0467   0.5033   0.5033   0.0103   0.0000  -0.1532  -0.2786    0.554
    13   3.3984   1.5195   0.4975   0.7272   0.0423   0.4786   0.4786   0.0094   0.0000  -0.1527  -0.2720    0.569
    14   3.7543   1.4488   0.5599   0.6505   0.0398   0.4490   0.4490   0.0085   0.0000  -0.1517  -0.2636    0.588
    15   4.1178   1.3766   0.4744   0.5677   0.0400   0.4124   0.4123   0.0071   0.0000  -0.1495  -0.2522    0.612
    16   4.4355   1.3135   0.3866   0.4814   0.0437   0.3665   0.3665   0.0071   0.0000  -0.1439  -0.2352    0.643
    17   4.6908   1.2629   0.2779   0.3960   0.0567   0.3135   0.3135   0.0081   0.0000  -0.1320  -0.2101    0.671
    18   4.8804   1.2252   0.1975   0.3042   0.0772   0.2483   0.2483   0.0084   0.0000  -0.1106  -0.1725    0.696
    19   5.0095   1.1996   0.1180   0.1944   0.0973   0.1621   0.1621   0.0069   0.0000  -0.0757  -0.1161    0.717
    20   5.0748   1.1866   0.0392   0.0671   0.1094   0.0565   0.0565   0.0030   0.0000  -0.0272  -0.0412    0.730

  Surface # 2     main_wing (YDUP)                        
     # Chordwise =  4   # Spanwise = 20     First strip = 21
     Surface area =    8.662523       Ave. chord =    1.689634
     CLsurf  =   0.24987     Clsurf  =   0.05036
     CYsurf  =   0.03198     Cmsurf  =  -0.02986
     CDsurf  =   0.00638     Cnsurf  =  -0.00180
     CDisurf =   0.00638     CDvsurf =   0.00000

  Forces referred to Ssurf, Cave about hinge axis thru LE
     CLsurf  =   0.49952     CDsurf  =   0.01265
     Deflect =

 Strip Forces referred to Strip Area, Chord
    j      Yle    Chord     Area     c cl      ai      cl_norm  cl       cd       cdv    cm_c/4    cm_LE  C.P.x/c
    21  -0.0076   2.1929   0.0672   1.4369   0.0344   0.6553   0.6553  -0.0166   0.0000  -0.1398   0.3032    0.463
    22  -0.0681   2.1809   0.1987   1.1626   0.0338   0.5331   0.5331   0.0150   0.0000  -0.1170   0.2500    0.470
    23  -0.1877   2.1571   0.3222   1.1420   0.0342   0.5294   0.5294   0.0167   0.0000  -0.1178   0.2498    0.472
    24  -0.3634   2.1222   0.4328   1.1386   0.0369   0.5365   0.5365   0.0176   0.0000  -0.1223   0.2561    0.478
    25  -0.5909   2.0770   0.5265   1.1356   0.0422   0.5467   0.5467   0.0139   0.0000  -0.1297   0.2660    0.487
    26  -0.8645   2.0227   0.6004   1.1331   0.0503   0.5602   0.5602   0.0177   0.0000  -0.1390   0.2787    0.498
    27  -1.1860   1.9589   0.6858   1.1152   0.0520   0.5693   0.5693   0.0177   0.0000  -0.1468   0.2887    0.508
    28  -1.5487   1.8868   0.7158   1.0707   0.0480   0.5675   0.5675   0.0161   0.0000  -0.1504   0.2918    0.515
    29  -1.9359   1.8100   0.7226   1.0089   0.0529   0.5574   0.5574   0.0153   0.0000  -0.1519   0.2908    0.522
    30  -2.3380   1.7301   0.7082   0.9391   0.0574   0.5428   0.5428   0.0133   0.0000  -0.1529   0.2882    0.532
    31  -2.7172   1.6548   0.5847   0.8687   0.0521   0.5250   0.5250   0.0112   0.0000  -0.1534   0.2843    0.542
    32  -3.0642   1.5859   0.5465   0.7982   0.0467   0.5033   0.5033   0.0103   0.0000  -0.1532   0.2786    0.554
    33  -3.3984   1.5195   0.4975   0.7272   0.0423   0.4786   0.4786   0.0094   0.0000  -0.1527   0.2720    0.569
    34  -3.7543   1.4488   0.5599   0.6505   0.0398   0.4490   0.4490   0.0085   0.0000  -0.1517   0.2636    0.588
    35  -4.1178   1.3766   0.4744   0.5677   0.0400   0.4124   0.4123   0.0071   0.0000  -0.1495   0.2522    0.612
    36  -4.4355   1.3135   0.3866   0.4814   0.0437   0.3665   0.3665   0.0071   0.0000  -0.1439   0.2352    0.643
    37  -4.6908   1.2629   0.2779   0.3960   0.0567   0.3135   0.3135   0.0081   0.0000  -0.1320   0.2101    0.671
    38  -4.8804   1.2252   0.1975   0.3042   0.0772   0.2483   0.2483   0.0084   0.0000  -0.1106   0.1725    0.696
    39  -5.0095   1.1996   0.1180   0.1944   0.0973   0.1621   0.1621   0.0069   0.0000  -0.0757   0.1161    0.717
    40  -5.0748   1.1866   0.0392   0.0671   0.1094   0.0565   0.0565   0.0030   0.0000  -0.0272   0.0412    0.730

  Surface # 3     horizontal_stabilizer                   
     # Chordwise =  4   # Spanwise = 20     First strip = 41
     Surface area =    2.000000       Ave. chord =    1.000000
     CLsurf  =  -0.02380     Clsurf  =   0.00203
     CYsurf  =   0.00008     Cmsurf  =   0.05961
     CDsurf  =  -0.00094     Cnsurf  =  -0.00012
     CDisurf =  -0.00094     CDvsurf =   0.00000

  Forces referred to Ssurf, Cave about hinge axis thru LE
     CLsurf  =  -0.20442     CDsurf  =  -0.00806
     Deflect =

 Strip Forces referred to Strip Area, Chord
    j      Yle    Chord     Area     c cl      ai      cl_norm  cl       cd       cdv    cm_c/4    cm_LE  C.P.x/c
    41   0.0028   1.1970   0.0135  -0.2525   0.0229  -0.2116  -0.2110   0.0105   0.0000  -0.0022   0.0502    0.239
    42   0.0254   1.1926   0.0401  -0.2525   0.0231  -0.2124  -0.2117  -0.0063   0.0000  -0.0023   0.0504    0.239
    43   0.0698   1.1838   0.0652  -0.2523   0.0234  -0.2138  -0.2132  -0.0076   0.0000  -0.0024   0.0506    0.239
    44   0.1388   1.1701   0.0969  -0.2519   0.0237  -0.2160  -0.2153  -0.0080   0.0000  -0.0027   0.0509    0.238
    45   0.2319   1.1517   0.1186  -0.2510   0.0239  -0.2186  -0.2179  -0.0083   0.0000  -0.0029   0.0513    0.237
    46   0.3440   1.1296   0.1361  -0.2494   0.0240  -0.2215  -0.2208  -0.0087   0.0000  -0.0032   0.0517    0.235
    47   0.4722   1.1043   0.1492  -0.2469   0.0240  -0.2243  -0.2236  -0.0089   0.0000  -0.0035   0.0521    0.234
    48   0.6135   1.0764   0.1576  -0.2431   0.0239  -0.2266  -0.2259  -0.0092   0.0000  -0.0038   0.0524    0.233
    49   0.7642   1.0466   0.1613  -0.2377   0.0236  -0.2279  -0.2272  -0.0095   0.0000  -0.0041   0.0524    0.232
    50   0.9207   1.0157   0.1605  -0.2303   0.0232  -0.2275  -0.2268  -0.0095   0.0000  -0.0044   0.0520    0.231
    51   1.0793   0.9843   0.1555  -0.2205   0.0224  -0.2247  -0.2240  -0.0094   0.0000  -0.0048   0.0510    0.229
    52   1.2358   0.9534   0.1469  -0.2080   0.0213  -0.2189  -0.2182  -0.0091   0.0000  -0.0052   0.0491    0.226
    53   1.3865   0.9236   0.1353  -0.1927   0.0198  -0.2093  -0.2087  -0.0087   0.0000  -0.0057   0.0462    0.223
    54   1.5278   0.8957   0.1211  -0.1745   0.0181  -0.1955  -0.1949  -0.0079   0.0000  -0.0063   0.0422    0.218
    55   1.6560   0.8704   0.1049  -0.1534   0.0161  -0.1769  -0.1763  -0.0070   0.0000  -0.0069   0.0370    0.211
    56   1.7681   0.8483   0.0873  -0.1295   0.0141  -0.1531  -0.1526  -0.0059   0.0000  -0.0073   0.0307    0.202
    57   1.8612   0.8299   0.0687  -0.1028   0.0121  -0.1242  -0.1238  -0.0046   0.0000  -0.0071   0.0237    0.193
    58   1.9302   0.8162   0.0450  -0.0743   0.0106  -0.0913  -0.0910  -0.0033   0.0000  -0.0061   0.0166    0.183
    59   1.9746   0.8074   0.0271  -0.0452   0.0095  -0.0561  -0.0559  -0.0020   0.0000  -0.0042   0.0098    0.176
    60   1.9972   0.8030   0.0091  -0.0152   0.0090  -0.0189  -0.0189  -0.0008   0.0000  -0.0015   0.0032    0.172

  Surface # 4     horizontal_stabilizer (YDUP)            
     # Chordwise =  4   # Spanwise = 20     First strip = 61
     Surface area =    2.000000       Ave. chord =    1.000000
     CLsurf  =  -0.02380     Clsurf  =  -0.00203
     CYsurf  =  -0.00008     Cmsurf  =   0.05961
     CDsurf  =  -0.00094     Cnsurf  =   0.00012
     CDisurf =  -0.00094     CDvsurf =   0.00000

  Forces referred to Ssurf, Cave about hinge axis thru LE
     CLsurf  =  -0.20442     CDsurf  =  -0.00806
     Deflect =

 Strip Forces referred to Strip Area, Chord
    j      Yle    Chord     Area     c cl      ai      cl_norm  cl       cd       cdv    cm_c/4    cm_LE  C.P.x/c
    61  -0.0028   1.1970   0.0135  -0.2525   0.0229  -0.2116  -0.2110   0.0105   0.0000  -0.0022  -0.0502    0.239
    62  -0.0254   1.1926   0.0401  -0.2525   0.0231  -0.2124  -0.2117  -0.0063   0.0000  -0.0023  -0.0504    0.239
    63  -0.0698   1.1838   0.0652  -0.2523   0.0234  -0.2138  -0.2132  -0.0076   0.0000  -0.0024  -0.0506    0.239
    64  -0.1388   1.1701   0.0969  -0.2519   0.0237  -0.2160  -0.2153  -0.0080   0.0000  -0.0027  -0.0509    0.238
    65  -0.2319   1.1517   0.1186  -0.2510   0.0239  -0.2186  -0.2179  -0.0083   0.0000  -0.0029  -0.0513    0.237
    66  -0.3440   1.1296   0.1361  -0.2494   0.0240  -0.2215  -0.2208  -0.0087   0.0000  -0.0032  -0.0517    0.235
    67  -0.4722   1.1043   0.1492  -0.2469   0.0240  -0.2243  -0.2236  -0.0089   0.0000  -0.0035  -0.0521    0.234
    68  -0.6135   1.0764   0.1576  -0.2431   0.0239  -0.2266  -0.2259  -0.0092   0.0000  -0.0038  -0.0524    0.233
    69  -0.7642   1.0466   0.1613  -0.2377   0.0236  -0.2279  -0.2272  -0.0095   0.0000  -0.0041  -0.0524    0.232
    70  -0.9207   1.0157   0.1605  -0.2303   0.0232  -0.2275  -0.2268  -0.0095   0.0000  -0.0044  -0.0520    0.231
    71  -1.0793   0.9843   0.1555  -0.2205   0.0224  -0.2247  -0.2240  -0.0094   0.0000  -0.0048  -0.0510    0.229
    72  -1.2358   0.9534   0.1469  -0.2080   0.0213  -0.2189  -0.2182  -0.0091   0.0000  -0.0052  -0.0491    0.226
    73  -1.3865   0.9236   0.1353  -0.1927   0.0198  -0.2093  -0.2087  -0.0087   0.0000  -0.0057  -0.0462    0.223
    74  -1.5278   0.8957   0.1211  -0.1745   0.0181  -0.1955  -0.1949  -0.0079   0.0000  -0.0063  -0.0422    0.218
    75  -1.6560   0.8704   0.1049  -0.1534   0.0161  -0.1769  -0.1763  -0.0070   0.0000  -0.0069  -0.0370    0.211
    76  -1.7681   0.8483   0.0873  -0.1295   0.0141  -0.1531  -0.1526  -0.0059   0.0000  -0.0073  -0.0307    0.202
    77  -1.8612   0.8299   0.0687  -0.1028   0.0121  -0.1242  -0.1238  -0.0046   0.0000  -0.0071  -0.0237    0.193
    78  -1.9302   0.8162   0.0450  -0.0743   0.0106  -0.0913  -0.0910  -0.0033   0.0000  -0.0061  -0.0166    0.183
    79  -1.9746   0.8074   0.0271  -0.0452   0.0095  -0.0561  -0.0559  -0.0020   0.0000  -0.0042  -0.0098    0.176
    80  -1.9972   0.8030   0.0091  -0.0152   0.0090  -0.0189  -0.0189  -0.0008   0.0000  -0.0015  -0.0032    0.172

  Surface # 5     vertical_stabilizer                     
     # Chordwise =  4   # Spanwise = 20     First strip = 81
     Surface area =    1.336680       Ave. chord =    0.902187
     CLsurf  =   0.00000     Clsurf  =   0.00000
     CYsurf  =   0.00000     Cmsurf  =  -0.00000
     CDsurf  =  -0.00000     Cnsurf  =  -0.00000
     CDisurf =  -0.00000     CDvsurf =   0.00000

  Forces referred to Ssurf, Cave about hinge axis thru LE
     CLsurf  =  -0.00000     CDsurf  =  -0.00000
     Deflect =

 Strip Forces referred to Strip Area, Chord
    j      Yle    Chord     Area     c cl      ai      cl_norm  cl       cd       cdv    cm_c/4    cm_LE  C.P.x/c
    81   0.0000   1.2147   0.0206  -0.0000   0.0000  -0.0000  -0.0000   0.0000   0.0000  -0.0000   0.0000    0.167
    82   0.0000   1.2045   0.0371  -0.0000  -0.0000  -0.0000  -0.0000  -0.0000   0.0000  -0.0000   0.0000    0.239
    83   0.0000   1.1886   0.0523  -0.0000   0.0000  -0.0000  -0.0000  -0.0000   0.0000  -0.0000   0.0000    0.236
    84   0.0000   1.1671   0.0658  -0.0000  -0.0000  -0.0000  -0.0000   0.0000   0.0000  -0.0000   0.0000    0.249
    85   0.0000   1.1382   0.0906  -0.0000   0.0000  -0.0000  -0.0000  -0.0000   0.0000  -0.0000   0.0000    0.225
    86   0.0000   1.1018   0.1003  -0.0000   0.0000  -0.0000  -0.0000  -0.0000   0.0000  -0.0000   0.0000    0.192
    87   0.0000   1.0610   0.1064  -0.0000  -0.0000  -0.0000  -0.0000  -0.0000   0.0000  -0.0000   0.0000    0.201
    88   0.0000   1.0166   0.1091  -0.0000  -0.0000  -0.0000  -0.0000  -0.0000   0.0000   0.0000   0.0000    0.300
    89   0.0000   0.9698   0.1086  -0.0000  -0.0000  -0.0000  -0.0000  -0.0000   0.0000   0.0000   0.0000    0.315
    90   0.0000   0.9216   0.1050  -0.0000  -0.0000  -0.0000  -0.0000  -0.0000   0.0000   0.0000   0.0000    0.311
    91   0.0000   0.8731   0.0989  -0.0000   0.0000  -0.0000  -0.0000   0.0000   0.0000  -0.0000   0.0000    0.170
    92   0.0000   0.8255   0.0908  -0.0000  -0.0000  -0.0000  -0.0000  -0.0000   0.0000   0.0000   0.0000    0.261
    93   0.0000   0.7798   0.0812  -0.0000  -0.0000  -0.0000  -0.0000  -0.0000   0.0000  -0.0000   0.0000    0.244
    94   0.0000   0.7371   0.0706  -0.0000  -0.0000  -0.0000  -0.0000  -0.0000   0.0000   0.0000   0.0000    0.271
    95   0.0000   0.6985   0.0595  -0.0000   0.0000  -0.0000  -0.0000  -0.0000   0.0000  -0.0000   0.0000    0.205
    96   0.0000   0.6647   0.0483  -0.0000  -0.0000  -0.0000  -0.0000  -0.0000   0.0000   0.0000   0.0000    0.324
    97   0.0000   0.6356   0.0405  -0.0000  -0.0000  -0.0000  -0.0000  -0.0000   0.0000  -0.0000   0.0000    0.158
    98   0.0000   0.6120   0.0285  -0.0000   0.0000  -0.0000  -0.0000  -0.0000   0.0000   0.0000   0.0000    0.279
    99   0.0000   0.5960   0.0169  -0.0000   0.0000  -0.0000  -0.0000   0.0000   0.0000   0.0000   0.0000    0.263
   100   0.0000   0.5879   0.0056  -0.0000  -0.0000  -0.0000  -0.0000   0.0000   0.0000   0.0000   0.0000    0.310
 ---------------------------------------------------------------
