 ---------------------------------------------------------------
 Surface and Strip Forces by surface

  Forces referred to Sref, Cref, Bref about Xref, Yref, Zref
 Standard axis orientation,  X fwd, Z down         

  Surface # 1     main_wing                               
     # Chordwise = 10   # Spanwise = 30     First strip =  1
     Surface area =    8.662745       Ave. chord =    1.689678
     CLsurf  =   0.26448     Clsurf  =  -0.05330
     CYsurf  =  -0.03356     Cmsurf  =  -0.08463
     CDsurf  =   0.00761     Cnsurf  =   0.00315
     CDisurf =   0.00761     CDvsurf =   0.00000

  Forces referred to Ssurf, Cave about hinge axis thru LE
     CLsurf  =   0.52863     CDsurf  =   0.01510
     Deflect =

 Strip Forces referred to Strip Area, Chord
    j      Yle    Chord     Area     c cl      ai      cl_norm  cl       cd       cdv    cm_c/4    cm_LE  C.P.x/c
     1   0.0034   2.1937   0.0299   1.5850   0.0388   0.7225   0.7225  -0.0274   0.0000  -0.1649  -0.3451    0.478
     2   0.0304   2.1884   0.0891   1.2426   0.0370   0.5678   0.5678   0.0165   0.0000  -0.1331  -0.2746    0.484
     3   0.0840   2.1777   0.1468   1.2168   0.0359   0.5588   0.5588   0.0183   0.0000  -0.1317  -0.2710    0.486
     4   0.1638   2.1619   0.2017   1.2114   0.0360   0.5603   0.5603   0.0189   0.0000  -0.1332  -0.2729    0.488
     5   0.2688   2.1410   0.2531   1.2083   0.0372   0.5644   0.5644   0.0177   0.0000  -0.1359  -0.2767    0.491
     6   0.3979   2.1154   0.3000   1.2135   0.0394   0.5737   0.5737   0.0224   0.0000  -0.1411  -0.2841    0.496
     7   0.5496   2.0852   0.3417   1.2123   0.0428   0.5814   0.5814   0.0225   0.0000  -0.1465  -0.2915    0.502
     8   0.7223   2.0509   0.3776   1.2081   0.0475   0.5890   0.5890   0.0201   0.0000  -0.1529  -0.2998    0.510
     9   0.9142   2.0128   0.4073   1.2024   0.0538   0.5974   0.5974   0.0216   0.0000  -0.1599  -0.3088    0.518
    10   1.1285   1.9703   0.4526   1.1824   0.0550   0.6001   0.6001   0.0209   0.0000  -0.1650  -0.3146    0.525
    11   1.3637   1.9236   0.4694   1.1600   0.0512   0.6031   0.6031   0.0202   0.0000  -0.1686  -0.3189    0.530
    12   1.6118   1.8743   0.4793   1.1232   0.0506   0.5993   0.5993   0.0188   0.0000  -0.1706  -0.3199    0.535
    13   1.8700   1.8230   0.4823   1.0784   0.0546   0.5916   0.5916   0.0182   0.0000  -0.1717  -0.3192    0.540
    14   2.1357   1.7703   0.4789   1.0314   0.0606   0.5826   0.5826   0.0166   0.0000  -0.1728  -0.3180    0.547
    15   2.4057   1.7167   0.4695   0.9804   0.0608   0.5711   0.5711   0.0150   0.0000  -0.1735  -0.3158    0.554
    16   2.6723   1.6637   0.4384   0.9288   0.0566   0.5583   0.5583   0.0130   0.0000  -0.1740  -0.3132    0.562
    17   2.9325   1.6120   0.4201   0.8728   0.0520   0.5414   0.5414   0.0131   0.0000  -0.1738  -0.3088    0.571
    18   3.1884   1.5612   0.3979   0.8202   0.0479   0.5254   0.5254   0.0111   0.0000  -0.1740  -0.3049    0.581
    19   3.4372   1.5118   0.3724   0.7649   0.0445   0.5060   0.5060   0.0098   0.0000  -0.1736  -0.2997    0.593
    20   3.6775   1.4641   0.3480   0.7094   0.0424   0.4845   0.4845   0.0096   0.0000  -0.1727  -0.2934    0.606
    21   3.9066   1.4186   0.3174   0.6535   0.0418   0.4607   0.4607   0.0093   0.0000  -0.1712  -0.2860    0.622
    22   4.1206   1.3761   0.2853   0.5982   0.0422   0.4347   0.4347   0.0088   0.0000  -0.1688  -0.2771    0.638
    23   4.3172   1.3370   0.2522   0.5431   0.0440   0.4062   0.4062   0.0078   0.0000  -0.1652  -0.2664    0.657
    24   4.4942   1.3019   0.2186   0.4866   0.0472   0.3737   0.3737   0.0073   0.0000  -0.1594  -0.2525    0.677
    25   4.6536   1.2702   0.1944   0.4296   0.0554   0.3382   0.3382   0.0077   0.0000  -0.1504  -0.2346    0.695
    26   4.7929   1.2426   0.1585   0.3676   0.0684   0.2958   0.2958   0.0088   0.0000  -0.1366  -0.2102    0.712
    27   4.9062   1.2201   0.1229   0.2990   0.0821   0.2450   0.2450   0.0089   0.0000  -0.1172  -0.1782    0.728
    28   4.9923   1.2030   0.0875   0.2223   0.0959   0.1848   0.1848   0.0079   0.0000  -0.0914  -0.1374    0.744
    29   5.0502   1.1915   0.0524   0.1378   0.1089   0.1157   0.1157   0.0062   0.0000  -0.0587  -0.0875    0.758
    30   5.0794   1.1857   0.0174   0.0469   0.1176   0.0396   0.0396   0.0025   0.0000  -0.0204  -0.0302    0.765

  Surface # 2     main_wing (YDUP)                        
     # Chordwise = 10   # Spanwise = 30     First strip = 31
     Surface area =    8.662745       Ave. chord =    1.689678
     CLsurf  =   0.26448     Clsurf  =   0.05330
     CYsurf  =   0.03356     Cmsurf  =  -0.08463
     CDsurf  =   0.00761     Cnsurf  =  -0.00315
     CDisurf =   0.00761     CDvsurf =   0.00000

  Forces referred to Ssurf, Cave about hinge axis thru LE
     CLsurf  =   0.52863     CDsurf  =   0.01510
     Deflect =

 Strip Forces referred to Strip Area, Chord
    j      Yle    Chord     Area     c cl      ai      cl_norm  cl       cd       cdv    cm_c/4    cm_LE  C.P.x/c
    31  -0.0034   2.1937   0.0299   1.5850   0.0388   0.7225   0.7225  -0.0275   0.0000  -0.1649   0.3451    0.478
    32  -0.0304   2.1884   0.0891   1.2426   0.0370   0.5678   0.5678   0.0165   0.0000  -0.1331   0.2746    0.484
    33  -0.0840   2.1777   0.1468   1.2168   0.0359   0.5588   0.5588   0.0183   0.0000  -0.1317   0.2710    0.486
    34  -0.1638   2.1619   0.2017   1.2114   0.0360   0.5603   0.5603   0.0189   0.0000  -0.1332   0.2729    0.488
    35  -0.2688   2.1410   0.2531   1.2083   0.0372   0.5644   0.5644   0.0177   0.0000  -0.1359   0.2767    0.491
    36  -0.3979   2.1154   0.3000   1.2135   0.0394   0.5737   0.5737   0.0224   0.0000  -0.1411   0.2841    0.496
    37  -0.5496   2.0852   0.3417   1.2123   0.0428   0.5814   0.5814   0.0225   0.0000  -0.1465   0.2915    0.502
    38  -0.7223   2.0509   0.3776   1.2081   0.0475   0.5890   0.5890   0.0201   0.0000  -0.1529   0.2998    0.510
    39  -0.9142   2.0128   0.4073   1.2024   0.0538   0.5974   0.5974   0.0216   0.0000  -0.1599   0.3088    0.518
    40  -1.1285   1.9703   0.4526   1.1824   0.0550   0.6001   0.6001   0.0209   0.0000  -0.1650   0.3146    0.525
    41  -1.3637   1.9236   0.4694   1.1600   0.0512   0.6031   0.6031   0.0202   0.0000  -0.1686   0.3189    0.530
    42  -1.6118   1.8743   0.4793   1.1232   0.0506   0.5993   0.5993   0.0188   0.0000  -0.1706   0.3199    0.535
    43  -1.8700   1.8230   0.4823   1.0784   0.0546   0.5916   0.5916   0.0182   0.0000  -0.1717   0.3192    0.540
    44  -2.1357   1.7703   0.4789   1.0314   0.0606   0.5826   0.5826   0.0166   0.0000  -0.1728   0.3180    0.547
    45  -2.4057   1.7167   0.4695   0.9804   0.0608   0.5711   0.5711   0.0150   0.0000  -0.1735   0.3158    0.554
    46  -2.6723   1.6637   0.4384   0.9288   0.0566   0.5583   0.5583   0.0130   0.0000  -0.1740   0.3132    0.562
    47  -2.9325   1.6120   0.4201   0.8728   0.0520   0.5414   0.5414   0.0131   0.0000  -0.1738   0.3088    0.571
    48  -3.1884   1.5612   0.3979   0.8202   0.0479   0.5254   0.5254   0.0111   0.0000  -0.1740   0.3049    0.581
    49  -3.4372   1.5118   0.3724   0.7649   0.0445   0.5060   0.5060   0.0098   0.0000  -0.1736   0.2997    0.593
    50  -3.6775   1.4641   0.3480   0.7094   0.0424   0.4845   0.4845   0.0096   0.0000  -0.1727   0.2934    0.606
    51  -3.9066   1.4186   0.3174   0.6535   0.0418   0.4607   0.4607   0.0093   0.0000  -0.1712   0.2860    0.622
    52  -4.1206   1.3761   0.2853   0.5982   0.0422   0.4347   0.4347   0.0088   0.0000  -0.1688   0.2771    0.638
    53  -4.3172   1.3370   0.2522   0.5431   0.0440   0.4062   0.4062   0.0078   0.0000  -0.1652   0.2664    0.657
    54  -4.4942   1.3019   0.2186   0.4866   0.0472   0.3737   0.3737   0.0073   0.0000  -0.1594   0.2525    0.677
    55  -4.6536   1.2702   0.1944   0.4296   0.0554   0.3382   0.3382   0.0077   0.0000  -0.1504   0.2346    0.695
    56  -4.7929   1.2426   0.1585   0.3676   0.0684   0.2958   0.2958   0.0088   0.0000  -0.1366   0.2102    0.712
    57  -4.9062   1.2201   0.1229   0.2990   0.0821   0.2450   0.2450   0.0089   0.0000  -0.1172   0.1782    0.728
    58  -4.9923   1.2030   0.0875   0.2223   0.0959   0.1848   0.1848   0.0079   0.0000  -0.0914   0.1374    0.744
    59  -5.0502   1.1915   0.0524   0.1378   0.1089   0.1157   0.1157   0.0062   0.0000  -0.0587   0.0875    0.758
    60  -5.0794   1.1857   0.0174   0.0469   0.1176   0.0396   0.0396   0.0025   0.0000  -0.0204   0.0302    0.765

  Surface # 3     horizontal_stabilizer                   
     # Chordwise = 10   # Spanwise = 30     First strip = 61
     Surface area =    2.000000       Ave. chord =    1.000000
     CLsurf  =  -0.02619     Clsurf  =   0.00222
     CYsurf  =   0.00010     Cmsurf  =   0.07025
     CDsurf  =  -0.00106     Cnsurf  =  -0.00014
     CDisurf =  -0.00106     CDvsurf =   0.00000

  Forces referred to Ssurf, Cave about hinge axis thru LE
     CLsurf  =  -0.22491     CDsurf  =  -0.00907
     Deflect =

 Strip Forces referred to Strip Area, Chord
    j      Yle    Chord     Area     c cl      ai      cl_norm  cl       cd       cdv    cm_c/4    cm_LE  C.P.x/c
    61   0.0016   1.1973   0.0076  -0.2794   0.0228  -0.2341  -0.2333   0.0101   0.0000  -0.0024   0.0556    0.240
    62   0.0142   1.1948   0.0226  -0.2793   0.0230  -0.2345  -0.2338  -0.0067   0.0000  -0.0025   0.0557    0.239
    63   0.0394   1.1898   0.0373  -0.2793   0.0233  -0.2355  -0.2347  -0.0080   0.0000  -0.0026   0.0557    0.239
    64   0.0768   1.1824   0.0513  -0.2791   0.0235  -0.2368  -0.2361  -0.0086   0.0000  -0.0028   0.0559    0.238
    65   0.1222   1.1734   0.0549  -0.2789   0.0237  -0.2384  -0.2376  -0.0088   0.0000  -0.0031   0.0560    0.237
    66   0.1738   1.1632   0.0653  -0.2784   0.0239  -0.2401  -0.2394  -0.0088   0.0000  -0.0033   0.0562    0.236
    67   0.2344   1.1513   0.0747  -0.2777   0.0240  -0.2419  -0.2412  -0.0093   0.0000  -0.0036   0.0564    0.235
    68   0.3034   1.1376   0.0830  -0.2765   0.0241  -0.2438  -0.2430  -0.0096   0.0000  -0.0038   0.0567    0.234
    69   0.3800   1.1225   0.0900  -0.2750   0.0241  -0.2458  -0.2450  -0.0097   0.0000  -0.0040   0.0569    0.234
    70   0.4634   1.1060   0.0957  -0.2731   0.0241  -0.2477  -0.2469  -0.0101   0.0000  -0.0042   0.0572    0.233
    71   0.5527   1.0884   0.1000  -0.2706   0.0240  -0.2494  -0.2486  -0.0101   0.0000  -0.0045   0.0574    0.232
    72   0.6469   1.0697   0.1030  -0.2673   0.0239  -0.2507  -0.2499  -0.0103   0.0000  -0.0047   0.0574    0.231
    73   0.7450   1.0504   0.1046  -0.2633   0.0237  -0.2514  -0.2506  -0.0106   0.0000  -0.0050   0.0574    0.230
    74   0.8459   1.0304   0.1050  -0.2582   0.0234  -0.2514  -0.2506  -0.0107   0.0000  -0.0052   0.0571    0.229
    75   0.9484   1.0102   0.1040  -0.2521   0.0230  -0.2504  -0.2496  -0.0107   0.0000  -0.0055   0.0566    0.228
    76   1.0516   0.9898   0.1019  -0.2449   0.0225  -0.2482  -0.2474  -0.0107   0.0000  -0.0058   0.0557    0.226
    77   1.1541   0.9696   0.0987  -0.2364   0.0218  -0.2446  -0.2438  -0.0105   0.0000  -0.0062   0.0545    0.225
    78   1.2550   0.9496   0.0946  -0.2266   0.0210  -0.2394  -0.2386  -0.0102   0.0000  -0.0065   0.0528    0.223
    79   1.3531   0.9303   0.0896  -0.2155   0.0201  -0.2324  -0.2316  -0.0099   0.0000  -0.0069   0.0507    0.220
    80   1.4473   0.9116   0.0838  -0.2031   0.0191  -0.2234  -0.2227  -0.0094   0.0000  -0.0073   0.0481    0.217
    81   1.5366   0.8940   0.0773  -0.1893   0.0179  -0.2125  -0.2118  -0.0089   0.0000  -0.0078   0.0449    0.213
    82   1.6200   0.8775   0.0703  -0.1744   0.0167  -0.1993  -0.1987  -0.0082   0.0000  -0.0081   0.0413    0.209
    83   1.6966   0.8624   0.0629  -0.1582   0.0155  -0.1840  -0.1834  -0.0074   0.0000  -0.0084   0.0372    0.204
    84   1.7656   0.8487   0.0551  -0.1409   0.0143  -0.1666  -0.1660  -0.0067   0.0000  -0.0086   0.0328    0.198
    85   1.8262   0.8368   0.0470  -0.1227   0.0132  -0.1471  -0.1466  -0.0056   0.0000  -0.0085   0.0280    0.192
    86   1.8778   0.8266   0.0387  -0.1035   0.0121  -0.1257  -0.1253  -0.0048   0.0000  -0.0081   0.0231    0.186
    87   1.9232   0.8176   0.0355  -0.0829   0.0111  -0.1017  -0.1013  -0.0038   0.0000  -0.0072   0.0180    0.179
    88   1.9606   0.8102   0.0254  -0.0600   0.0102  -0.0743  -0.0741  -0.0026   0.0000  -0.0058   0.0127    0.172
    89   1.9858   0.8052   0.0153  -0.0363   0.0096  -0.0452  -0.0451  -0.0015   0.0000  -0.0038   0.0075    0.167
    90   1.9984   0.8027   0.0051  -0.0122   0.0092  -0.0152  -0.0151  -0.0006   0.0000  -0.0013   0.0025    0.164

  Surface # 4     horizontal_stabilizer (YDUP)            
     # Chordwise = 10   # Spanwise = 30     First strip = 91
     Surface area =    2.000000       Ave. chord =    1.000000
     CLsurf  =  -0.02619     Clsurf  =  -0.00222
     CYsurf  =  -0.00010     Cmsurf  =   0.07025
     CDsurf  =  -0.00106     Cnsurf  =   0.00014
     CDisurf =  -0.00106     CDvsurf =   0.00000

  Forces referred to Ssurf, Cave about hinge axis thru LE
     CLsurf  =  -0.22491     CDsurf  =  -0.00907
     Deflect =

 Strip Forces referred to Strip Area, Chord
    j      Yle    Chord     Area     c cl      ai      cl_norm  cl       cd       cdv    cm_c/4    cm_LE  C.P.x/c
    91  -0.0016   1.1973   0.0076  -0.2794   0.0228  -0.2341  -0.2333   0.0101   0.0000  -0.0024  -0.0556    0.240
    92  -0.0142   1.1948   0.0226  -0.2793   0.0230  -0.2345  -0.2338  -0.0067   0.0000  -0.0025  -0.0557    0.239
    93  -0.0394   1.1898   0.0373  -0.2793   0.0233  -0.2355  -0.2347  -0.0080   0.0000  -0.0026  -0.0557    0.239
    94  -0.0768   1.1824   0.0513  -0.2791   0.0235  -0.2368  -0.2361  -0.0086   0.0000  -0.0028  -0.0559    0.238
    95  -0.1222   1.1734   0.0549  -0.2789   0.0237  -0.2384  -0.2376  -0.0088   0.0000  -0.0031  -0.0560    0.237
    96  -0.1738   1.1632   0.0653  -0.2784   0.0239  -0.2401  -0.2394  -0.0088   0.0000  -0.0033  -0.0562    0.236
    97  -0.2344   1.1513   0.0747  -0.2777   0.0240  -0.2419  -0.2412  -0.0093   0.0000  -0.0036  -0.0564    0.235
    98  -0.3034   1.1376   0.0830  -0.2765   0.0241  -0.2438  -0.2430  -0.0096   0.0000  -0.0038  -0.0567    0.234
    99  -0.3800   1.1225   0.0900  -0.2750   0.0241  -0.2458  -0.2450  -0.0097   0.0000  -0.0040  -0.0569    0.234
   100  -0.4634   1.1060   0.0957  -0.2731   0.0241  -0.2477  -0.2469  -0.0101   0.0000  -0.0042  -0.0572    0.233
   101  -0.5527   1.0884   0.1000  -0.2706   0.0240  -0.2494  -0.2486  -0.0101   0.0000  -0.0045  -0.0574    0.232
   102  -0.6469   1.0697   0.1030  -0.2673   0.0239  -0.2507  -0.2499  -0.0103   0.0000  -0.0047  -0.0574    0.231
   103  -0.7450   1.0504   0.1046  -0.2633   0.0237  -0.2514  -0.2506  -0.0106   0.0000  -0.0050  -0.0574    0.230
   104  -0.8459   1.0304   0.1050  -0.2582   0.0234  -0.2514  -0.2506  -0.0107   0.0000  -0.0052  -0.0571    0.229
   105  -0.9484   1.0102   0.1040  -0.2521   0.0230  -0.2504  -0.2496  -0.0107   0.0000  -0.0055  -0.0566    0.228
   106  -1.0516   0.9898   0.1019  -0.2449   0.0225  -0.2482  -0.2474  -0.0107   0.0000  -0.0058  -0.0557    0.226
   107  -1.1541   0.9696   0.0987  -0.2364   0.0218  -0.2446  -0.2438  -0.0105   0.0000  -0.0062  -0.0545    0.225
   108  -1.2550   0.9496   0.0946  -0.2266   0.0210  -0.2394  -0.2386  -0.0102   0.0000  -0.0065  -0.0528    0.223
   109  -1.3531   0.9303   0.0896  -0.2155   0.0201  -0.2324  -0.2316  -0.0099   0.0000  -0.0069  -0.0507    0.220
   110  -1.4473   0.9116   0.0838  -0.2031   0.0191  -0.2234  -0.2227  -0.0094   0.0000  -0.0073  -0.0481    0.217
   111  -1.5366   0.8940   0.0773  -0.1893   0.0179  -0.2125  -0.2118  -0.0089   0.0000  -0.0078  -0.0449    0.213
   112  -1.6200   0.8775   0.0703  -0.1744   0.0167  -0.1993  -0.1987  -0.0082   0.0000  -0.0081  -0.0413    0.209
   113  -1.6966   0.8624   0.0629  -0.1582   0.0155  -0.1840  -0.1834  -0.0074   0.0000  -0.0084  -0.0372    0.204
   114  -1.7656   0.8487   0.0551  -0.1409   0.0143  -0.1666  -0.1660  -0.0067   0.0000  -0.0086  -0.0328    0.198
   115  -1.8262   0.8368   0.0470  -0.1227   0.0132  -0.1471  -0.1466  -0.0056   0.0000  -0.0085  -0.0280    0.192
   116  -1.8778   0.8266   0.0387  -0.1035   0.0121  -0.1257  -0.1253  -0.0048   0.0000  -0.0081  -0.0231    0.186
   117  -1.9232   0.8176   0.0355  -0.0829   0.0111  -0.1017  -0.1013  -0.0038   0.0000  -0.0072  -0.0180    0.179
   118  -1.9606   0.8102   0.0254  -0.0600   0.0102  -0.0743  -0.0741  -0.0026   0.0000  -0.0058  -0.0127    0.172
   119  -1.9858   0.8052   0.0153  -0.0363   0.0096  -0.0452  -0.0451  -0.0015   0.0000  -0.0038  -0.0075    0.167
   120  -1.9984   0.8027   0.0051  -0.0122   0.0092  -0.0152  -0.0151  -0.0006   0.0000  -0.0013  -0.0025    0.164

  Surface # 5     vertical_stabilizer                     
     # Chordwise = 10   # Spanwise = 30     First strip =121
     Surface area =    1.336749       Ave. chord =    0.902233
     CLsurf  =   0.00000     Clsurf  =  -0.00000
     CYsurf  =  -0.00000     Cmsurf  =  -0.00000
     CDsurf  =  -0.00000     Cnsurf  =   0.00000
     CDisurf =  -0.00000     CDvsurf =   0.00000

  Forces referred to Ssurf, Cave about hinge axis thru LE
     CLsurf  =   0.00000     CDsurf  =  -0.00000
     Deflect =

 Strip Forces referred to Strip Area, Chord
    j      Yle    Chord     Area     c cl      ai      cl_norm  cl       cd       cdv    cm_c/4    cm_LE  C.P.x/c
   121   0.0000   1.2152   0.0161   0.0000  -0.0000   0.0000   0.0000  -0.0000   0.0000   0.0000  -0.0000    0.240
   122   0.0000   1.2078   0.0261   0.0000  -0.0000   0.0000   0.0000  -0.0000   0.0000   0.0000  -0.0000    0.244
   123   0.0000   1.1968   0.0358   0.0000  -0.0000   0.0000   0.0000  -0.0000   0.0000  -0.0000  -0.0000    0.261
   124   0.0000   1.1824   0.0448   0.0000  -0.0000   0.0000   0.0000  -0.0000   0.0000   0.0000  -0.0000    0.249
   125   0.0000   1.1646   0.0530   0.0000  -0.0000   0.0000   0.0000   0.0000   0.0000  -0.0000  -0.0000    0.273
   126   0.0000   1.1454   0.0506   0.0000  -0.0000   0.0000   0.0000   0.0000   0.0000  -0.0000  -0.0000    0.264
   127   0.0000   1.1254   0.0560   0.0000  -0.0000   0.0000   0.0000  -0.0000   0.0000   0.0000  -0.0000    0.242
   128   0.0000   1.1031   0.0606   0.0000  -0.0000   0.0000   0.0000  -0.0000   0.0000  -0.0000  -0.0000    0.250
   129   0.0000   1.0787   0.0642   0.0000  -0.0000   0.0000   0.0000  -0.0000   0.0000   0.0000  -0.0000    0.247
   130   0.0000   1.0525   0.0669   0.0000  -0.0000   0.0000   0.0000  -0.0000   0.0000   0.0000  -0.0000    0.232
   131   0.0000   1.0247   0.0685   0.0000  -0.0000   0.0000   0.0000  -0.0000   0.0000   0.0000  -0.0000    0.231
   132   0.0000   0.9956   0.0692   0.0000  -0.0000   0.0000   0.0000  -0.0000   0.0000   0.0000  -0.0000    0.245
   133   0.0000   0.9655   0.0690   0.0000  -0.0000   0.0000   0.0000  -0.0000   0.0000   0.0000  -0.0000    0.235
   134   0.0000   0.9348   0.0680   0.0000  -0.0000   0.0000   0.0000  -0.0000   0.0000   0.0000  -0.0000    0.244
   135   0.0000   0.9037   0.0662   0.0000  -0.0000   0.0000   0.0000  -0.0000   0.0000   0.0000  -0.0000    0.247
   136   0.0000   0.8726   0.0636   0.0000  -0.0000   0.0000   0.0000  -0.0000   0.0000  -0.0000  -0.0000    0.259
   137   0.0000   0.8417   0.0605   0.0000  -0.0000   0.0000   0.0000  -0.0000   0.0000   0.0000  -0.0000    0.248
   138   0.0000   0.8114   0.0569   0.0000  -0.0000   0.0000   0.0000  -0.0000   0.0000  -0.0000  -0.0000    0.268
   139   0.0000   0.7821   0.0529   0.0000  -0.0000   0.0000   0.0000  -0.0000   0.0000  -0.0000  -0.0000    0.266
   140   0.0000   0.7540   0.0485   0.0000  -0.0000   0.0000   0.0000  -0.0000   0.0000  -0.0000  -0.0000    0.262
   141   0.0000   0.7274   0.0440   0.0000  -0.0000   0.0000   0.0000  -0.0000   0.0000  -0.0000  -0.0000    0.264
   142   0.0000   0.7025   0.0393   0.0000  -0.0000   0.0000   0.0000  -0.0000   0.0000  -0.0000  -0.0000    0.280
   143   0.0000   0.6798   0.0346   0.0000  -0.0000   0.0000   0.0000  -0.0000   0.0000  -0.0000  -0.0000    0.272
   144   0.0000   0.6593   0.0298   0.0000  -0.0000   0.0000   0.0000  -0.0000   0.0000  -0.0000  -0.0000    0.285
   145   0.0000   0.6402   0.0283   0.0000  -0.0000   0.0000   0.0000  -0.0000   0.0000  -0.0000  -0.0000    0.292
   146   0.0000   0.6229   0.0230   0.0000  -0.0000   0.0000   0.0000  -0.0000   0.0000  -0.0000  -0.0000    0.286
   147   0.0000   0.6088   0.0177   0.0000  -0.0000   0.0000   0.0000  -0.0000   0.0000  -0.0000  -0.0000    0.301
   148   0.0000   0.5981   0.0126   0.0000  -0.0000   0.0000   0.0000  -0.0000   0.0000  -0.0000  -0.0000    0.315
   149   0.0000   0.5910   0.0075   0.0000  -0.0000   0.0000   0.0000  -0.0000   0.0000  -0.0000  -0.0000    0.304
   150   0.0000   0.5874   0.0025   0.0000  -0.0000   0.0000   0.0000  -0.0000   0.0000  -0.0000  -0.0000    0.337
 ---------------------------------------------------------------
