 ---------------------------------------------------------------
 Surface and Strip Forces by surface

  Forces referred to Sref, Cref, Bref about Xref, Yref, Zref
 Standard axis orientation,  X fwd, Z down         

  Surface # 1     main_wing                               
     # Chordwise =  4   # Spanwise = 20     First strip =  1
     Surface area =    8.662523       Ave. chord =    1.689634
     CLsurf  =   0.52809     Clsurf  =  -0.10697
     CYsurf  =  -0.07281     Cmsurf  =   0.00282
     CDsurf  =   0.02869     Cnsurf  =  -0.00333
     CDisurf =   0.02869     CDvsurf =   0.00000

  Forces referred to Ssurf, Cave about hinge axis thru LE
     CLsurf  =   1.05706     CDsurf  =   0.05689
     Deflect =

 Strip Forces referred to Strip Area, Chord
    j      Yle    Chord     Area     c cl      ai      cl_norm  cl       cd       cdv    cm_c/4    cm_LE  C.P.x/c
     1   0.0076   2.1929   0.0672   3.7772   0.1121   1.7256   1.7252   0.0432   0.0000  -0.2155  -0.6456    0.375
     2   0.0681   2.1809   0.1987   2.4927   0.1112   1.1413   1.1410   0.0725   0.0000  -0.1521  -0.4376    0.383
     3   0.1877   2.1571   0.3222   2.3936   0.1106   1.1078   1.1075   0.0728   0.0000  -0.1500  -0.4272    0.385
     4   0.3634   2.1222   0.4328   2.3661   0.1120   1.1131   1.1128   0.0725   0.0000  -0.1543  -0.4328    0.389
     5   0.5909   2.0770   0.5265   2.3425   0.1160   1.1273   1.1270   0.0580   0.0000  -0.1625  -0.4442    0.394
     6   0.8645   2.0227   0.6004   2.3271   0.1227   1.1487   1.1484   0.0734   0.0000  -0.1739  -0.4613    0.401
     7   1.1860   1.9589   0.6858   2.2871   0.1222   1.1663   1.1660   0.0679   0.0000  -0.1833  -0.4749    0.407
     8   1.5487   1.8868   0.7158   2.2122   0.1137   1.1716   1.1713   0.0637   0.0000  -0.1876  -0.4804    0.410
     9   1.9359   1.8100   0.7226   2.1050   0.1093   1.1622   1.1620   0.0623   0.0000  -0.1899  -0.4804    0.413
    10   2.3380   1.7301   0.7082   1.9818   0.1053   1.1449   1.1446   0.0590   0.0000  -0.1911  -0.4772    0.417
    11   2.7172   1.6548   0.5847   1.8572   0.0992   1.1221   1.1218   0.0542   0.0000  -0.1914  -0.4717    0.421
    12   3.0642   1.5859   0.5465   1.7275   0.0948   1.0893   1.0890   0.0510   0.0000  -0.1906  -0.4627    0.425
    13   3.3984   1.5195   0.4975   1.5883   0.0919   1.0452   1.0449   0.0492   0.0000  -0.1886  -0.4496    0.430
    14   3.7543   1.4488   0.5599   1.4331   0.0914   0.9890   0.9887   0.0470   0.0000  -0.1855  -0.4325    0.438
    15   4.1178   1.3766   0.4744   1.2570   0.0944   0.9131   0.9129   0.0420   0.0000  -0.1796  -0.4077    0.447
    16   4.4355   1.3135   0.3866   1.0602   0.1012   0.8069   0.8067   0.0406   0.0000  -0.1684  -0.3699    0.459
    17   4.6908   1.2629   0.2779   0.8571   0.1169   0.6780   0.6778   0.0391   0.0000  -0.1494  -0.3188    0.470
    18   4.8804   1.2252   0.1975   0.6403   0.1389   0.5216   0.5215   0.0349   0.0000  -0.1204  -0.2509    0.481
    19   5.0095   1.1996   0.1180   0.3986   0.1586   0.3314   0.3313   0.0253   0.0000  -0.0794  -0.1624    0.490
    20   5.0748   1.1866   0.0392   0.1354   0.1700   0.1137   0.1136   0.0103   0.0000  -0.0279  -0.0564    0.495

  Surface # 2     main_wing (YDUP)                        
     # Chordwise =  4   # Spanwise = 20     First strip = 21
     Surface area =    8.662523       Ave. chord =    1.689634
     CLsurf  =   0.52809     Clsurf  =   0.10697
     CYsurf  =   0.07281     Cmsurf  =   0.00282
     CDsurf  =   0.02869     Cnsurf  =   0.00333
     CDisurf =   0.02869     CDvsurf =   0.00000

  Forces referred to Ssurf, Cave about hinge axis thru LE
     CLsurf  =   1.05706     CDsurf  =   0.05689
     Deflect =

 Strip Forces referred to Strip Area, Chord
    j      Yle    Chord     Area     c cl      ai      cl_norm  cl       cd       cdv    cm_c/4    cm_LE  C.P.x/c
    21  -0.0076   2.1929   0.0672   3.7772   0.1121   1.7256   1.7252   0.0432   0.0000  -0.2155   0.6456    0.375
    22  -0.0681   2.1809   0.1987   2.4927   0.1112   1.1413   1.1410   0.0725   0.0000  -0.1521   0.4376    0.383
    23  -0.1877   2.1571   0.3222   2.3936   0.1106   1.1078   1.1075   0.0728   0.0000  -0.1500   0.4272    0.385
    24  -0.3634   2.1222   0.4328   2.3661   0.1120   1.1131   1.1128   0.0725   0.0000  -0.1543   0.4328    0.389
    25  -0.5909   2.0770   0.5265   2.3425   0.1160   1.1273   1.1270   0.0580   0.0000  -0.1625   0.4442    0.394
    26  -0.8645   2.0227   0.6004   2.3271   0.1227   1.1487   1.1484   0.0734   0.0000  -0.1739   0.4613    0.401
    27  -1.1860   1.9589   0.6858   2.2871   0.1222   1.1663   1.1660   0.0679   0.0000  -0.1833   0.4749    0.407
    28  -1.5487   1.8868   0.7158   2.2122   0.1137   1.1716   1.1713   0.0637   0.0000  -0.1876   0.4804    0.410
    29  -1.9359   1.8100   0.7226   2.1050   0.1093   1.1622   1.1620   0.0623   0.0000  -0.1899   0.4804    0.413
    30  -2.3380   1.7301   0.7082   1.9818   0.1053   1.1449   1.1446   0.0590   0.0000  -0.1911   0.4772    0.417
    31  -2.7172   1.6548   0.5847   1.8572   0.0992   1.1221   1.1218   0.0542   0.0000  -0.1914   0.4717    0.421
    32  -3.0642   1.5859   0.5465   1.7275   0.0948   1.0893   1.0890   0.0510   0.0000  -0.1906   0.4627    0.425
    33  -3.3984   1.5195   0.4975   1.5883   0.0919   1.0452   1.0449   0.0492   0.0000  -0.1886   0.4496    0.430
    34  -3.7543   1.4488   0.5599   1.4331   0.0914   0.9890   0.9887   0.0470   0.0000  -0.1855   0.4325    0.438
    35  -4.1178   1.3766   0.4744   1.2570   0.0944   0.9131   0.9129   0.0420   0.0000  -0.1796   0.4077    0.447
    36  -4.4355   1.3135   0.3866   1.0602   0.1012   0.8069   0.8067   0.0406   0.0000  -0.1684   0.3699    0.459
    37  -4.6908   1.2629   0.2779   0.8571   0.1169   0.6780   0.6778   0.0391   0.0000  -0.1494   0.3188    0.470
    38  -4.8804   1.2252   0.1975   0.6403   0.1389   0.5216   0.5215   0.0349   0.0000  -0.1204   0.2509    0.481
    39  -5.0095   1.1996   0.1180   0.3986   0.1586   0.3314   0.3313   0.0253   0.0000  -0.0794   0.1624    0.490
    40  -5.0748   1.1866   0.0392   0.1354   0.1700   0.1137   0.1136   0.0103   0.0000  -0.0279   0.0564    0.495

  Surface # 3     horizontal_stabilizer                   
     # Chordwise =  4   # Spanwise = 20     First strip = 41
     Surface area =    2.000000       Ave. chord =    1.000000
     CLsurf  =  -0.00880     Clsurf  =   0.00077
     CYsurf  =   0.00013     Cmsurf  =   0.02207
     CDsurf  =  -0.00089     Cnsurf  =  -0.00007
     CDisurf =  -0.00089     CDvsurf =   0.00000

  Forces referred to Ssurf, Cave about hinge axis thru LE
     CLsurf  =  -0.07554     CDsurf  =  -0.00764
     Deflect =

 Strip Forces referred to Strip Area, Chord
    j      Yle    Chord     Area     c cl      ai      cl_norm  cl       cd       cdv    cm_c/4    cm_LE  C.P.x/c
    41   0.0028   1.1970   0.0135  -0.0883   0.0994  -0.0739  -0.0737  -0.0041   0.0000  -0.0021   0.0163    0.222
    42   0.0254   1.1926   0.0401  -0.0883   0.0994  -0.0739  -0.0737  -0.0070   0.0000  -0.0021   0.0163    0.222
    43   0.0698   1.1838   0.0652  -0.0883   0.0994  -0.0745  -0.0742  -0.0073   0.0000  -0.0021   0.0164    0.221
    44   0.1388   1.1701   0.0969  -0.0883   0.0994  -0.0754  -0.0751  -0.0074   0.0000  -0.0023   0.0165    0.220
    45   0.2319   1.1517   0.1186  -0.0885   0.0992  -0.0767  -0.0765  -0.0076   0.0000  -0.0024   0.0167    0.218
    46   0.3440   1.1296   0.1361  -0.0888   0.0987  -0.0785  -0.0782  -0.0078   0.0000  -0.0026   0.0169    0.216
    47   0.4722   1.1043   0.1492  -0.0891   0.0981  -0.0806  -0.0803  -0.0081   0.0000  -0.0029   0.0172    0.214
    48   0.6135   1.0764   0.1576  -0.0892   0.0973  -0.0827  -0.0825  -0.0084   0.0000  -0.0032   0.0175    0.212
    49   0.7642   1.0466   0.1613  -0.0887   0.0965  -0.0846  -0.0844  -0.0086   0.0000  -0.0034   0.0177    0.209
    50   0.9207   1.0157   0.1605  -0.0873   0.0957  -0.0858  -0.0855  -0.0088   0.0000  -0.0037   0.0177    0.207
    51   1.0793   0.9843   0.1555  -0.0846   0.0949  -0.0858  -0.0855  -0.0088   0.0000  -0.0040   0.0174    0.204
    52   1.2358   0.9534   0.1469  -0.0804   0.0941  -0.0841  -0.0839  -0.0086   0.0000  -0.0042   0.0168    0.200
    53   1.3865   0.9236   0.1353  -0.0746   0.0932  -0.0806  -0.0804  -0.0083   0.0000  -0.0043   0.0158    0.196
    54   1.5278   0.8957   0.1211  -0.0674   0.0923  -0.0751  -0.0748  -0.0077   0.0000  -0.0044   0.0143    0.191
    55   1.6560   0.8704   0.1049  -0.0588   0.0915  -0.0675  -0.0672  -0.0069   0.0000  -0.0044   0.0124    0.185
    56   1.7681   0.8483   0.0873  -0.0492   0.0907  -0.0579  -0.0577  -0.0059   0.0000  -0.0042   0.0102    0.176
    57   1.8612   0.8299   0.0687  -0.0387   0.0901  -0.0465  -0.0464  -0.0047   0.0000  -0.0038   0.0078    0.167
    58   1.9302   0.8162   0.0450  -0.0277   0.0897  -0.0339  -0.0338  -0.0034   0.0000  -0.0031   0.0054    0.159
    59   1.9746   0.8074   0.0271  -0.0168   0.0894  -0.0207  -0.0207  -0.0021   0.0000  -0.0020   0.0032    0.153
    60   1.9972   0.8030   0.0091  -0.0056   0.0892  -0.0070  -0.0070  -0.0007   0.0000  -0.0007   0.0010    0.150

  Surface # 4     horizontal_stabilizer (YDUP)            
     # Chordwise =  4   # Spanwise = 20     First strip = 61
     Surface area =    2.000000       Ave. chord =    1.000000
     CLsurf  =  -0.00880     Clsurf  =  -0.00077
     CYsurf  =  -0.00013     Cmsurf  =   0.02207
     CDsurf  =  -0.00089     Cnsurf  =   0.00007
     CDisurf =  -0.00089     CDvsurf =   0.00000

  Forces referred to Ssurf, Cave about hinge axis thru LE
     CLsurf  =  -0.07554     CDsurf  =  -0.00764
     Deflect =

 Strip Forces referred to Strip Area, Chord
    j      Yle    Chord     Area     c cl      ai      cl_norm  cl       cd       cdv    cm_c/4    cm_LE  C.P.x/c
    61  -0.0028   1.1970   0.0135  -0.0883   0.0994  -0.0739  -0.0737  -0.0041   0.0000  -0.0021  -0.0163    0.222
    62  -0.0254   1.1926   0.0401  -0.0883   0.0994  -0.0739  -0.0737  -0.0070   0.0000  -0.0021  -0.0163    0.222
    63  -0.0698   1.1838   0.0652  -0.0883   0.0994  -0.0745  -0.0742  -0.0073   0.0000  -0.0021  -0.0164    0.221
    64  -0.1388   1.1701   0.0969  -0.0883   0.0994  -0.0754  -0.0751  -0.0074   0.0000  -0.0023  -0.0165    0.220
    65  -0.2319   1.1517   0.1186  -0.0885   0.0992  -0.0767  -0.0765  -0.0076   0.0000  -0.0024  -0.0167    0.218
    66  -0.3440   1.1296   0.1361  -0.0888   0.0987  -0.0785  -0.0782  -0.0078   0.0000  -0.0026  -0.0169    0.216
    67  -0.4722   1.1043   0.1492  -0.0891   0.0981  -0.0806  -0.0803  -0.0081   0.0000  -0.0029  -0.0172    0.214
    68  -0.6135   1.0764   0.1576  -0.0892   0.0973  -0.0827  -0.0825  -0.0084   0.0000  -0.0032  -0.0175    0.212
    69  -0.7642   1.0466   0.1613  -0.0887   0.0965  -0.0846  -0.0844  -0.0086   0.0000  -0.0034  -0.0177    0.209
    70  -0.9207   1.0157   0.1605  -0.0873   0.0957  -0.0858  -0.0855  -0.0088   0.0000  -0.0037  -0.0177    0.207
    71  -1.0793   0.9843   0.1555  -0.0846   0.0949  -0.0858  -0.0855  -0.0088   0.0000  -0.0040  -0.0174    0.204
    72  -1.2358   0.9534   0.1469  -0.0804   0.0941  -0.0841  -0.0839  -0.0086   0.0000  -0.0042  -0.0168    0.200
    73  -1.3865   0.9236   0.1353  -0.0746   0.0932  -0.0806  -0.0804  -0.0083   0.0000  -0.0043  -0.0158    0.196
    74  -1.5278   0.8957   0.1211  -0.0674   0.0923  -0.0751  -0.0748  -0.0077   0.0000  -0.0044  -0.0143    0.191
    75  -1.6560   0.8704   0.1049  -0.0588   0.0915  -0.0675  -0.0672  -0.0069   0.0000  -0.0044  -0.0124    0.185
    76  -1.7681   0.8483   0.0873  -0.0492   0.0907  -0.0579  -0.0577  -0.0059   0.0000  -0.0042  -0.0102    0.176
    77  -1.8612   0.8299   0.0687  -0.0387   0.0901  -0.0465  -0.0464  -0.0047   0.0000  -0.0038  -0.0078    0.167
    78  -1.9302   0.8162   0.0450  -0.0277   0.0897  -0.0339  -0.0338  -0.0034   0.0000  -0.0031  -0.0054    0.159
    79  -1.9746   0.8074   0.0271  -0.0168   0.0894  -0.0207  -0.0207  -0.0021   0.0000  -0.0020  -0.0032    0.153
    80  -1.9972   0.8030   0.0091  -0.0056   0.0892  -0.0070  -0.0070  -0.0007   0.0000  -0.0007  -0.0010    0.150

  Surface # 5     vertical_stabilizer                     
     # Chordwise =  4   # Spanwise = 20     First strip = 81
     Surface area =    1.336680       Ave. chord =    0.902187
     CLsurf  =   0.00000     Clsurf  =  -0.00000
     CYsurf  =  -0.00000     Cmsurf  =  -0.00000
     CDsurf  =  -0.00000     Cnsurf  =   0.00000
     CDisurf =  -0.00000     CDvsurf =   0.00000

  Forces referred to Ssurf, Cave about hinge axis thru LE
     CLsurf  =   0.00000     CDsurf  =  -0.00000
     Deflect =

 Strip Forces referred to Strip Area, Chord
    j      Yle    Chord     Area     c cl      ai      cl_norm  cl       cd       cdv    cm_c/4    cm_LE  C.P.x/c
    81   0.0000   1.2147   0.0206   0.0000   0.0000   0.0000   0.0000   0.0000   0.0000   0.0000  -0.0000    0.174
    82   0.0000   1.2045   0.0371   0.0000   0.0000   0.0000   0.0000   0.0000   0.0000   0.0000  -0.0000    0.133
    83   0.0000   1.1886   0.0523   0.0000  -0.0000   0.0000   0.0000  -0.0000   0.0000   0.0000  -0.0000    0.131
    84   0.0000   1.1671   0.0658   0.0000   0.0000   0.0000   0.0000   0.0000   0.0000   0.0000  -0.0000    0.229
    85   0.0000   1.1382   0.0906   0.0000   0.0000   0.0000   0.0000  -0.0000   0.0000   0.0000  -0.0000    0.239
    86   0.0000   1.1018   0.1003   0.0000  -0.0000   0.0000   0.0000   0.0000   0.0000   0.0000  -0.0000    0.247
    87   0.0000   1.0610   0.1064   0.0000   0.0000   0.0000   0.0000  -0.0000   0.0000   0.0000  -0.0000    0.185
    88   0.0000   1.0166   0.1091   0.0000  -0.0000   0.0000   0.0000  -0.0000   0.0000   0.0000  -0.0000    0.081
    89   0.0000   0.9698   0.1086   0.0000  -0.0000   0.0000   0.0000   0.0000   0.0000   0.0000  -0.0000    0.144
    90   0.0000   0.9216   0.1050   0.0000   0.0000   0.0000   0.0000  -0.0000   0.0000   0.0000  -0.0000    0.179
    91   0.0000   0.8731   0.0989   0.0000  -0.0000   0.0000   0.0000  -0.0000   0.0000   0.0000  -0.0000    0.138
    92   0.0000   0.8255   0.0908   0.0000   0.0000   0.0000   0.0000   0.0000   0.0000   0.0000  -0.0000    0.141
    93   0.0000   0.7798   0.0812   0.0000  -0.0000   0.0000   0.0000  -0.0000   0.0000   0.0000  -0.0000    0.144
    94   0.0000   0.7371   0.0706   0.0000   0.0000   0.0000   0.0000  -0.0000   0.0000   0.0000  -0.0000    0.178
    95   0.0000   0.6985   0.0595   0.0000   0.0000   0.0000   0.0000  -0.0000   0.0000   0.0000  -0.0000    0.114
    96   0.0000   0.6647   0.0483   0.0000  -0.0000   0.0000   0.0000  -0.0000   0.0000   0.0000  -0.0000    0.095
    97   0.0000   0.6356   0.0405   0.0000   0.0000   0.0000   0.0000   0.0000   0.0000   0.0000  -0.0000    0.127
    98   0.0000   0.6120   0.0285   0.0000   0.0000   0.0000   0.0000   0.0000   0.0000   0.0000  -0.0000    0.096
    99   0.0000   0.5960   0.0169   0.0000  -0.0000   0.0000   0.0000  -0.0000   0.0000   0.0000  -0.0000    0.071
   100   0.0000   0.5879   0.0056   0.0000  -0.0000   0.0000   0.0000  -0.0000   0.0000   0.0000  -0.0000    0.066
 ---------------------------------------------------------------
