 ---------------------------------------------------------------
 Surface and Strip Forces by surface

  Forces referred to Sref, Cref, Bref about Xref, Yref, Zref
 Standard axis orientation,  X fwd, Z down         

  Surface # 1     main_wing                               
     # Chordwise = 10   # Spanwise = 30     First strip =  1
     Surface area =    8.662745       Ave. chord =    1.689678
     CLsurf  =   0.32292     Clsurf  =  -0.06564
     CYsurf  =  -0.04224     Cmsurf  =  -0.07651
     CDsurf  =   0.01122     Cnsurf  =   0.00158
     CDisurf =   0.01122     CDvsurf =   0.00000

  Forces referred to Ssurf, Cave about hinge axis thru LE
     CLsurf  =   0.64578     CDsurf  =   0.02224
     Deflect =

 Strip Forces referred to Strip Area, Chord
    j      Yle    Chord     Area     c cl      ai      cl_norm  cl       cd       cdv    cm_c/4    cm_LE  C.P.x/c
     1   0.0034   2.1937   0.0299   1.8848   0.0626   0.8599   0.8598  -0.0045   0.0000  -0.1477  -0.3621    0.422
     2   0.0304   2.1884   0.0891   1.4997   0.0605   0.6848   0.6848   0.0276   0.0000  -0.1194  -0.2904    0.424
     3   0.0840   2.1777   0.1468   1.4714   0.0592   0.6752   0.6751   0.0278   0.0000  -0.1182  -0.2868    0.425
     4   0.1638   2.1619   0.2017   1.4658   0.0591   0.6775   0.6774   0.0287   0.0000  -0.1197  -0.2889    0.427
     5   0.2688   2.1410   0.2531   1.4604   0.0601   0.6816   0.6816   0.0262   0.0000  -0.1222  -0.2924    0.429
     6   0.3979   2.1154   0.3000   1.4635   0.0621   0.6912   0.6912   0.0307   0.0000  -0.1268  -0.2994    0.433
     7   0.5496   2.0852   0.3417   1.4640   0.0651   0.7015   0.7014   0.0304   0.0000  -0.1323  -0.3075    0.439
     8   0.7223   2.0509   0.3776   1.4536   0.0693   0.7082   0.7082   0.0293   0.0000  -0.1378  -0.3147    0.445
     9   0.9142   2.0128   0.4073   1.4453   0.0749   0.7175   0.7175   0.0296   0.0000  -0.1444  -0.3236    0.451
    10   1.1285   1.9703   0.4526   1.4246   0.0753   0.7226   0.7225   0.0278   0.0000  -0.1493  -0.3297    0.457
    11   1.3637   1.9236   0.4694   1.3973   0.0701   0.7259   0.7259   0.0279   0.0000  -0.1528  -0.3340    0.460
    12   1.6118   1.8743   0.4793   1.3573   0.0670   0.7237   0.7237   0.0260   0.0000  -0.1545  -0.3352    0.464
    13   1.8700   1.8230   0.4823   1.3073   0.0669   0.7167   0.7166   0.0252   0.0000  -0.1555  -0.3344    0.467
    14   2.1357   1.7703   0.4789   1.2530   0.0682   0.7075   0.7074   0.0238   0.0000  -0.1562  -0.3328    0.471
    15   2.4057   1.7167   0.4695   1.1972   0.0663   0.6971   0.6971   0.0215   0.0000  -0.1568  -0.3308    0.475
    16   2.6723   1.6637   0.4384   1.1384   0.0624   0.6840   0.6840   0.0196   0.0000  -0.1571  -0.3278    0.480
    17   2.9325   1.6120   0.4201   1.0760   0.0588   0.6672   0.6672   0.0192   0.0000  -0.1569  -0.3234    0.485
    18   3.1884   1.5612   0.3979   1.0156   0.0557   0.6504   0.6503   0.0174   0.0000  -0.1569  -0.3191    0.491
    19   3.4372   1.5118   0.3724   0.9521   0.0534   0.6297   0.6296   0.0159   0.0000  -0.1563  -0.3134    0.498
    20   3.6775   1.4641   0.3480   0.8872   0.0524   0.6058   0.6058   0.0158   0.0000  -0.1554  -0.3065    0.507
    21   3.9066   1.4186   0.3174   0.8209   0.0529   0.5785   0.5785   0.0158   0.0000  -0.1539  -0.2982    0.516
    22   4.1206   1.3761   0.2853   0.7538   0.0545   0.5476   0.5476   0.0154   0.0000  -0.1516  -0.2882    0.527
    23   4.3172   1.3370   0.2522   0.6870   0.0576   0.5136   0.5136   0.0142   0.0000  -0.1484  -0.2765    0.539
    24   4.4942   1.3019   0.2186   0.6164   0.0621   0.4733   0.4733   0.0139   0.0000  -0.1432  -0.2612    0.552
    25   4.6536   1.2702   0.1944   0.5443   0.0720   0.4283   0.4283   0.0140   0.0000  -0.1352  -0.2420    0.566
    26   4.7929   1.2426   0.1585   0.4645   0.0866   0.3735   0.3735   0.0151   0.0000  -0.1228  -0.2160    0.579
    27   4.9062   1.2201   0.1229   0.3771   0.1020   0.3088   0.3087   0.0142   0.0000  -0.1056  -0.1827    0.592
    28   4.9923   1.2030   0.0875   0.2796   0.1175   0.2322   0.2321   0.0121   0.0000  -0.0825  -0.1404    0.605
    29   5.0502   1.1915   0.0524   0.1729   0.1320   0.1449   0.1449   0.0085   0.0000  -0.0532  -0.0893    0.617
    30   5.0794   1.1857   0.0174   0.0588   0.1419   0.0495   0.0495   0.0032   0.0000  -0.0185  -0.0308    0.624

  Surface # 2     main_wing (YDUP)                        
     # Chordwise = 10   # Spanwise = 30     First strip = 31
     Surface area =    8.662745       Ave. chord =    1.689678
     CLsurf  =   0.32292     Clsurf  =   0.06564
     CYsurf  =   0.04224     Cmsurf  =  -0.07651
     CDsurf  =   0.01122     Cnsurf  =  -0.00158
     CDisurf =   0.01122     CDvsurf =   0.00000

  Forces referred to Ssurf, Cave about hinge axis thru LE
     CLsurf  =   0.64578     CDsurf  =   0.02224
     Deflect =

 Strip Forces referred to Strip Area, Chord
    j      Yle    Chord     Area     c cl      ai      cl_norm  cl       cd       cdv    cm_c/4    cm_LE  C.P.x/c
    31  -0.0034   2.1937   0.0299   1.8848   0.0626   0.8599   0.8598  -0.0046   0.0000  -0.1477   0.3621    0.422
    32  -0.0304   2.1884   0.0891   1.4997   0.0605   0.6848   0.6848   0.0276   0.0000  -0.1194   0.2904    0.424
    33  -0.0840   2.1777   0.1468   1.4714   0.0592   0.6752   0.6751   0.0278   0.0000  -0.1182   0.2868    0.425
    34  -0.1638   2.1619   0.2017   1.4658   0.0591   0.6775   0.6774   0.0287   0.0000  -0.1197   0.2889    0.427
    35  -0.2688   2.1410   0.2531   1.4604   0.0601   0.6816   0.6816   0.0262   0.0000  -0.1222   0.2924    0.429
    36  -0.3979   2.1154   0.3000   1.4635   0.0621   0.6912   0.6912   0.0307   0.0000  -0.1268   0.2994    0.433
    37  -0.5496   2.0852   0.3417   1.4640   0.0651   0.7015   0.7014   0.0304   0.0000  -0.1323   0.3075    0.439
    38  -0.7223   2.0509   0.3776   1.4536   0.0693   0.7082   0.7082   0.0293   0.0000  -0.1378   0.3147    0.445
    39  -0.9142   2.0128   0.4073   1.4453   0.0749   0.7175   0.7175   0.0296   0.0000  -0.1444   0.3236    0.451
    40  -1.1285   1.9703   0.4526   1.4246   0.0753   0.7226   0.7225   0.0278   0.0000  -0.1493   0.3297    0.457
    41  -1.3637   1.9236   0.4694   1.3973   0.0701   0.7259   0.7259   0.0279   0.0000  -0.1528   0.3340    0.460
    42  -1.6118   1.8743   0.4793   1.3573   0.0670   0.7237   0.7237   0.0260   0.0000  -0.1545   0.3352    0.464
    43  -1.8700   1.8230   0.4823   1.3073   0.0669   0.7167   0.7166   0.0252   0.0000  -0.1555   0.3344    0.467
    44  -2.1357   1.7703   0.4789   1.2530   0.0681   0.7075   0.7074   0.0238   0.0000  -0.1562   0.3328    0.471
    45  -2.4057   1.7167   0.4695   1.1972   0.0663   0.6971   0.6971   0.0215   0.0000  -0.1568   0.3308    0.475
    46  -2.6723   1.6637   0.4384   1.1384   0.0624   0.6840   0.6840   0.0196   0.0000  -0.1571   0.3278    0.480
    47  -2.9325   1.6120   0.4201   1.0760   0.0588   0.6672   0.6672   0.0192   0.0000  -0.1569   0.3234    0.485
    48  -3.1884   1.5612   0.3979   1.0156   0.0557   0.6504   0.6503   0.0174   0.0000  -0.1569   0.3191    0.491
    49  -3.4372   1.5118   0.3724   0.9521   0.0534   0.6297   0.6296   0.0159   0.0000  -0.1563   0.3134    0.498
    50  -3.6775   1.4641   0.3480   0.8872   0.0524   0.6058   0.6058   0.0158   0.0000  -0.1554   0.3065    0.507
    51  -3.9066   1.4186   0.3174   0.8209   0.0529   0.5785   0.5785   0.0158   0.0000  -0.1539   0.2982    0.516
    52  -4.1206   1.3761   0.2853   0.7538   0.0545   0.5476   0.5476   0.0154   0.0000  -0.1516   0.2882    0.527
    53  -4.3172   1.3370   0.2522   0.6870   0.0576   0.5136   0.5136   0.0142   0.0000  -0.1484   0.2765    0.539
    54  -4.4942   1.3019   0.2186   0.6164   0.0621   0.4733   0.4733   0.0139   0.0000  -0.1432   0.2612    0.552
    55  -4.6536   1.2702   0.1944   0.5443   0.0720   0.4283   0.4283   0.0140   0.0000  -0.1352   0.2420    0.566
    56  -4.7929   1.2426   0.1585   0.4645   0.0866   0.3735   0.3735   0.0151   0.0000  -0.1228   0.2160    0.579
    57  -4.9062   1.2201   0.1229   0.3771   0.1020   0.3088   0.3087   0.0142   0.0000  -0.1056   0.1827    0.592
    58  -4.9923   1.2030   0.0875   0.2796   0.1175   0.2322   0.2321   0.0121   0.0000  -0.0825   0.1404    0.605
    59  -5.0502   1.1915   0.0524   0.1729   0.1320   0.1449   0.1449   0.0085   0.0000  -0.0532   0.0893    0.617
    60  -5.0794   1.1857   0.0174   0.0588   0.1419   0.0495   0.0495   0.0032   0.0000  -0.0185   0.0308    0.624

  Surface # 3     horizontal_stabilizer                   
     # Chordwise = 10   # Spanwise = 30     First strip = 61
     Surface area =    2.000000       Ave. chord =    1.000000
     CLsurf  =  -0.01481     Clsurf  =   0.00127
     CYsurf  =   0.00012     Cmsurf  =   0.03982
     CDsurf  =  -0.00090     Cnsurf  =  -0.00009
     CDisurf =  -0.00090     CDvsurf =   0.00000

  Forces referred to Ssurf, Cave about hinge axis thru LE
     CLsurf  =  -0.12720     CDsurf  =  -0.00771
     Deflect =

 Strip Forces referred to Strip Area, Chord
    j      Yle    Chord     Area     c cl      ai      cl_norm  cl       cd       cdv    cm_c/4    cm_LE  C.P.x/c
    61   0.0016   1.1973   0.0076  -0.1558   0.0498  -0.1305  -0.1301  -0.0022   0.0000  -0.0017   0.0306    0.237
    62   0.0142   1.1948   0.0226  -0.1558   0.0499  -0.1306  -0.1302  -0.0070   0.0000  -0.0018   0.0307    0.236
    63   0.0394   1.1898   0.0373  -0.1557   0.0500  -0.1311  -0.1307  -0.0074   0.0000  -0.0018   0.0307    0.236
    64   0.0768   1.1824   0.0513  -0.1557   0.0502  -0.1319  -0.1315  -0.0076   0.0000  -0.0020   0.0308    0.235
    65   0.1222   1.1734   0.0549  -0.1555   0.0503  -0.1328  -0.1324  -0.0077   0.0000  -0.0021   0.0309    0.234
    66   0.1738   1.1632   0.0653  -0.1553   0.0503  -0.1338  -0.1333  -0.0079   0.0000  -0.0022   0.0310    0.233
    67   0.2344   1.1513   0.0747  -0.1549   0.0503  -0.1348  -0.1344  -0.0080   0.0000  -0.0023   0.0312    0.233
    68   0.3034   1.1376   0.0830  -0.1547   0.0503  -0.1362  -0.1358  -0.0081   0.0000  -0.0025   0.0313    0.232
    69   0.3800   1.1225   0.0900  -0.1541   0.0502  -0.1375  -0.1371  -0.0082   0.0000  -0.0026   0.0315    0.231
    70   0.4634   1.1060   0.0957  -0.1534   0.0500  -0.1389  -0.1385  -0.0084   0.0000  -0.0027   0.0318    0.230
    71   0.5527   1.0884   0.1000  -0.1523   0.0498  -0.1402  -0.1398  -0.0085   0.0000  -0.0029   0.0319    0.229
    72   0.6469   1.0697   0.1030  -0.1509   0.0496  -0.1413  -0.1409  -0.0086   0.0000  -0.0030   0.0321    0.229
    73   0.7450   1.0504   0.1046  -0.1491   0.0493  -0.1421  -0.1417  -0.0088   0.0000  -0.0032   0.0321    0.228
    74   0.8459   1.0304   0.1050  -0.1466   0.0490  -0.1425  -0.1421  -0.0089   0.0000  -0.0033   0.0321    0.227
    75   0.9484   1.0102   0.1040  -0.1435   0.0487  -0.1423  -0.1419  -0.0088   0.0000  -0.0035   0.0319    0.226
    76   1.0516   0.9898   0.1019  -0.1397   0.0482  -0.1414  -0.1409  -0.0088   0.0000  -0.0036   0.0315    0.224
    77   1.1541   0.9696   0.0987  -0.1351   0.0477  -0.1396  -0.1391  -0.0087   0.0000  -0.0038   0.0309    0.223
    78   1.2550   0.9496   0.0946  -0.1297   0.0470  -0.1368  -0.1363  -0.0085   0.0000  -0.0040   0.0300    0.221
    79   1.3531   0.9303   0.0896  -0.1234   0.0463  -0.1329  -0.1325  -0.0082   0.0000  -0.0042   0.0289    0.219
    80   1.4473   0.9116   0.0838  -0.1164   0.0455  -0.1279  -0.1275  -0.0079   0.0000  -0.0044   0.0274    0.216
    81   1.5366   0.8940   0.0773  -0.1085   0.0446  -0.1216  -0.1212  -0.0075   0.0000  -0.0046   0.0256    0.212
    82   1.6200   0.8775   0.0703  -0.0999   0.0438  -0.1141  -0.1137  -0.0069   0.0000  -0.0048   0.0236    0.208
    83   1.6966   0.8624   0.0629  -0.0907   0.0429  -0.1053  -0.1050  -0.0063   0.0000  -0.0049   0.0212    0.203
    84   1.7656   0.8487   0.0551  -0.0807   0.0420  -0.0953  -0.0950  -0.0057   0.0000  -0.0050   0.0187    0.197
    85   1.8262   0.8368   0.0470  -0.0702   0.0412  -0.0841  -0.0838  -0.0050   0.0000  -0.0049   0.0160    0.191
    86   1.8778   0.8266   0.0387  -0.0593   0.0404  -0.0718  -0.0716  -0.0042   0.0000  -0.0047   0.0131    0.184
    87   1.9232   0.8176   0.0355  -0.0474   0.0398  -0.0581  -0.0579  -0.0033   0.0000  -0.0042   0.0102    0.177
    88   1.9606   0.8102   0.0254  -0.0343   0.0392  -0.0424  -0.0423  -0.0024   0.0000  -0.0034   0.0071    0.169
    89   1.9858   0.8052   0.0153  -0.0208   0.0387  -0.0258  -0.0258  -0.0014   0.0000  -0.0022   0.0042    0.163
    90   1.9984   0.8027   0.0051  -0.0069   0.0384  -0.0087  -0.0086  -0.0005   0.0000  -0.0008   0.0014    0.160

  Surface # 4     horizontal_stabilizer (YDUP)            
     # Chordwise = 10   # Spanwise = 30     First strip = 91
     Surface area =    2.000000       Ave. chord =    1.000000
     CLsurf  =  -0.01481     Clsurf  =  -0.00127
     CYsurf  =  -0.00012     Cmsurf  =   0.03982
     CDsurf  =  -0.00090     Cnsurf  =   0.00009
     CDisurf =  -0.00090     CDvsurf =   0.00000

  Forces referred to Ssurf, Cave about hinge axis thru LE
     CLsurf  =  -0.12720     CDsurf  =  -0.00771
     Deflect =

 Strip Forces referred to Strip Area, Chord
    j      Yle    Chord     Area     c cl      ai      cl_norm  cl       cd       cdv    cm_c/4    cm_LE  C.P.x/c
    91  -0.0016   1.1973   0.0076  -0.1558   0.0498  -0.1305  -0.1301  -0.0022   0.0000  -0.0017  -0.0306    0.237
    92  -0.0142   1.1948   0.0226  -0.1558   0.0499  -0.1306  -0.1302  -0.0070   0.0000  -0.0018  -0.0307    0.236
    93  -0.0394   1.1898   0.0373  -0.1557   0.0500  -0.1311  -0.1307  -0.0074   0.0000  -0.0018  -0.0307    0.236
    94  -0.0768   1.1824   0.0513  -0.1557   0.0502  -0.1319  -0.1315  -0.0076   0.0000  -0.0020  -0.0308    0.235
    95  -0.1222   1.1734   0.0549  -0.1555   0.0503  -0.1328  -0.1324  -0.0077   0.0000  -0.0021  -0.0309    0.234
    96  -0.1738   1.1632   0.0653  -0.1553   0.0503  -0.1338  -0.1333  -0.0079   0.0000  -0.0022  -0.0310    0.233
    97  -0.2344   1.1513   0.0747  -0.1549   0.0503  -0.1348  -0.1344  -0.0080   0.0000  -0.0023  -0.0312    0.233
    98  -0.3034   1.1376   0.0830  -0.1547   0.0503  -0.1362  -0.1358  -0.0081   0.0000  -0.0025  -0.0313    0.232
    99  -0.3800   1.1225   0.0900  -0.1541   0.0502  -0.1375  -0.1371  -0.0082   0.0000  -0.0026  -0.0315    0.231
   100  -0.4634   1.1060   0.0957  -0.1534   0.0500  -0.1389  -0.1385  -0.0084   0.0000  -0.0027  -0.0318    0.230
   101  -0.5527   1.0884   0.1000  -0.1523   0.0498  -0.1402  -0.1398  -0.0085   0.0000  -0.0029  -0.0319    0.229
   102  -0.6469   1.0697   0.1030  -0.1509   0.0496  -0.1413  -0.1409  -0.0086   0.0000  -0.0030  -0.0321    0.229
   103  -0.7450   1.0504   0.1046  -0.1491   0.0493  -0.1421  -0.1417  -0.0088   0.0000  -0.0032  -0.0321    0.228
   104  -0.8459   1.0304   0.1050  -0.1466   0.0490  -0.1425  -0.1421  -0.0089   0.0000  -0.0033  -0.0321    0.227
   105  -0.9484   1.0102   0.1040  -0.1435   0.0487  -0.1423  -0.1419  -0.0088   0.0000  -0.0035  -0.0319    0.226
   106  -1.0516   0.9898   0.1019  -0.1397   0.0482  -0.1414  -0.1409  -0.0088   0.0000  -0.0036  -0.0315    0.224
   107  -1.1541   0.9696   0.0987  -0.1351   0.0477  -0.1396  -0.1391  -0.0087   0.0000  -0.0038  -0.0309    0.223
   108  -1.2550   0.9496   0.0946  -0.1297   0.0470  -0.1368  -0.1363  -0.0085   0.0000  -0.0040  -0.0300    0.221
   109  -1.3531   0.9303   0.0896  -0.1234   0.0463  -0.1329  -0.1325  -0.0082   0.0000  -0.0042  -0.0289    0.219
   110  -1.4473   0.9116   0.0838  -0.1164   0.0455  -0.1279  -0.1275  -0.0079   0.0000  -0.0044  -0.0274    0.216
   111  -1.5366   0.8940   0.0773  -0.1085   0.0446  -0.1216  -0.1212  -0.0075   0.0000  -0.0046  -0.0256    0.212
   112  -1.6200   0.8775   0.0703  -0.0999   0.0438  -0.1141  -0.1137  -0.0069   0.0000  -0.0048  -0.0236    0.208
   113  -1.6966   0.8624   0.0629  -0.0907   0.0429  -0.1053  -0.1050  -0.0063   0.0000  -0.0049  -0.0212    0.203
   114  -1.7656   0.8487   0.0551  -0.0807   0.0420  -0.0953  -0.0950  -0.0057   0.0000  -0.0050  -0.0187    0.197
   115  -1.8262   0.8368   0.0470  -0.0702   0.0412  -0.0841  -0.0838  -0.0050   0.0000  -0.0049  -0.0160    0.191
   116  -1.8778   0.8266   0.0387  -0.0593   0.0404  -0.0718  -0.0716  -0.0042   0.0000  -0.0047  -0.0131    0.184
   117  -1.9232   0.8176   0.0355  -0.0474   0.0398  -0.0581  -0.0579  -0.0033   0.0000  -0.0042  -0.0102    0.177
   118  -1.9606   0.8102   0.0254  -0.0343   0.0392  -0.0424  -0.0423  -0.0024   0.0000  -0.0034  -0.0071    0.169
   119  -1.9858   0.8052   0.0153  -0.0208   0.0387  -0.0258  -0.0258  -0.0014   0.0000  -0.0022  -0.0042    0.163
   120  -1.9984   0.8027   0.0051  -0.0069   0.0384  -0.0087  -0.0086  -0.0005   0.0000  -0.0008  -0.0014    0.160

  Surface # 5     vertical_stabilizer                     
     # Chordwise = 10   # Spanwise = 30     First strip =121
     Surface area =    1.336749       Ave. chord =    0.902233
     CLsurf  =   0.00000     Clsurf  =   0.00000
     CYsurf  =   0.00000     Cmsurf  =  -0.00000
     CDsurf  =  -0.00000     Cnsurf  =  -0.00000
     CDisurf =  -0.00000     CDvsurf =   0.00000

  Forces referred to Ssurf, Cave about hinge axis thru LE
     CLsurf  =  -0.00000     CDsurf  =  -0.00000
     Deflect =

 Strip Forces referred to Strip Area, Chord
    j      Yle    Chord     Area     c cl      ai      cl_norm  cl       cd       cdv    cm_c/4    cm_LE  C.P.x/c
   121   0.0000   1.2152   0.0161  -0.0000  -0.0000  -0.0000  -0.0000   0.0000   0.0000  -0.0000   0.0000    0.133
   122   0.0000   1.2078   0.0261  -0.0000  -0.0000  -0.0000  -0.0000  -0.0000   0.0000  -0.0000   0.0000    0.190
   123   0.0000   1.1968   0.0358  -0.0000  -0.0000  -0.0000  -0.0000  -0.0000   0.0000  -0.0000   0.0000    0.195
   124   0.0000   1.1824   0.0448  -0.0000  -0.0000  -0.0000  -0.0000  -0.0000   0.0000  -0.0000   0.0000    0.176
   125   0.0000   1.1646   0.0530  -0.0000  -0.0000  -0.0000  -0.0000  -0.0000   0.0000  -0.0000   0.0000    0.177
   126   0.0000   1.1454   0.0506  -0.0000  -0.0000  -0.0000  -0.0000  -0.0000   0.0000  -0.0000   0.0000    0.172
   127   0.0000   1.1254   0.0560  -0.0000  -0.0000  -0.0000  -0.0000  -0.0000   0.0000  -0.0000   0.0000    0.182
   128   0.0000   1.1031   0.0606  -0.0000  -0.0000  -0.0000  -0.0000   0.0000   0.0000  -0.0000   0.0000    0.181
   129   0.0000   1.0787   0.0642  -0.0000   0.0000  -0.0000  -0.0000   0.0000   0.0000  -0.0000   0.0000    0.219
   130   0.0000   1.0525   0.0669  -0.0000  -0.0000  -0.0000  -0.0000  -0.0000   0.0000  -0.0000   0.0000    0.189
   131   0.0000   1.0247   0.0685  -0.0000  -0.0000  -0.0000  -0.0000   0.0000   0.0000  -0.0000   0.0000    0.216
   132   0.0000   0.9956   0.0692  -0.0000   0.0000  -0.0000  -0.0000  -0.0000   0.0000  -0.0000   0.0000    0.220
   133   0.0000   0.9655   0.0690  -0.0000   0.0000  -0.0000  -0.0000  -0.0000   0.0000  -0.0000   0.0000    0.221
   134   0.0000   0.9348   0.0680  -0.0000  -0.0000  -0.0000  -0.0000  -0.0000   0.0000  -0.0000   0.0000    0.232
   135   0.0000   0.9037   0.0662  -0.0000   0.0000  -0.0000  -0.0000  -0.0000   0.0000  -0.0000   0.0000    0.203
   136   0.0000   0.8726   0.0636  -0.0000  -0.0000  -0.0000  -0.0000   0.0000   0.0000  -0.0000   0.0000    0.205
   137   0.0000   0.8417   0.0605  -0.0000  -0.0000  -0.0000  -0.0000  -0.0000   0.0000  -0.0000   0.0000    0.198
   138   0.0000   0.8114   0.0569  -0.0000  -0.0000  -0.0000  -0.0000  -0.0000   0.0000  -0.0000   0.0000    0.186
   139   0.0000   0.7821   0.0529  -0.0000   0.0000  -0.0000  -0.0000  -0.0000   0.0000  -0.0000   0.0000    0.193
   140   0.0000   0.7540   0.0485  -0.0000  -0.0000  -0.0000  -0.0000  -0.0000   0.0000  -0.0000   0.0000    0.193
   141   0.0000   0.7274   0.0440  -0.0000  -0.0000  -0.0000  -0.0000  -0.0000   0.0000  -0.0000   0.0000    0.193
   142   0.0000   0.7025   0.0393  -0.0000  -0.0000  -0.0000  -0.0000  -0.0000   0.0000  -0.0000   0.0000    0.193
   143   0.0000   0.6798   0.0346  -0.0000  -0.0000  -0.0000  -0.0000  -0.0000   0.0000  -0.0000   0.0000    0.182
   144   0.0000   0.6593   0.0298  -0.0000  -0.0000  -0.0000  -0.0000  -0.0000   0.0000  -0.0000   0.0000    0.184
   145   0.0000   0.6402   0.0283  -0.0000   0.0000  -0.0000  -0.0000  -0.0000   0.0000  -0.0000   0.0000    0.165
   146   0.0000   0.6229   0.0230  -0.0000   0.0000  -0.0000  -0.0000  -0.0000   0.0000  -0.0000   0.0000    0.150
   147   0.0000   0.6088   0.0177  -0.0000  -0.0000  -0.0000  -0.0000  -0.0000   0.0000  -0.0000   0.0000    0.135
   148   0.0000   0.5981   0.0126  -0.0000  -0.0000  -0.0000  -0.0000   0.0000   0.0000  -0.0000   0.0000    0.131
   149   0.0000   0.5910   0.0075  -0.0000  -0.0000  -0.0000  -0.0000  -0.0000   0.0000  -0.0000   0.0000    0.134
   150   0.0000   0.5874   0.0025  -0.0000  -0.0000  -0.0000  -0.0000  -0.0000   0.0000  -0.0000   0.0000    0.128
 ---------------------------------------------------------------
