 ---------------------------------------------------------------
 Surface and Strip Forces by surface

  Forces referred to Sref, Cref, Bref about Xref, Yref, Zref
 Standard axis orientation,  X fwd, Z down         

  Surface # 1     main_wing                               
     # Chordwise = 10   # Spanwise = 30     First strip =  1
     Surface area =    8.662745       Ave. chord =    1.689678
     CLsurf  =   0.16707     Clsurf  =  -0.03305
     CYsurf  =  -0.02058     Cmsurf  =  -0.07597
     CDsurf  =   0.00318     Cnsurf  =   0.00320
     CDisurf =   0.00318     CDvsurf =   0.00000

  Forces referred to Ssurf, Cave about hinge axis thru LE
     CLsurf  =   0.33378     CDsurf  =   0.00631
     Deflect =

 Strip Forces referred to Strip Area, Chord
    j      Yle    Chord     Area     c cl      ai      cl_norm  cl       cd       cdv    cm_c/4    cm_LE  C.P.x/c
     1   0.0034   2.1937   0.0299   0.9707   0.0103   0.4420   0.4420  -0.0209   0.0000  -0.1353  -0.2456    0.556
     2   0.0304   2.1884   0.0891   0.7945   0.0087   0.3635   0.3635   0.0060   0.0000  -0.1181  -0.2086    0.575
     3   0.0840   2.1777   0.1468   0.7813   0.0080   0.3593   0.3593   0.0071   0.0000  -0.1178  -0.2072    0.578
     4   0.1638   2.1619   0.2017   0.7790   0.0085   0.3608   0.3608   0.0079   0.0000  -0.1194  -0.2091    0.581
     5   0.2688   2.1410   0.2531   0.7783   0.0100   0.3640   0.3640   0.0072   0.0000  -0.1222  -0.2128    0.586
     6   0.3979   2.1154   0.3000   0.7822   0.0126   0.3703   0.3703   0.0100   0.0000  -0.1264  -0.2185    0.591
     7   0.5496   2.0852   0.3417   0.7872   0.0163   0.3781   0.3781   0.0105   0.0000  -0.1321  -0.2261    0.599
     8   0.7223   2.0509   0.3776   0.7825   0.0213   0.3821   0.3821   0.0100   0.0000  -0.1374  -0.2324    0.610
     9   0.9142   2.0128   0.4073   0.7825   0.0280   0.3894   0.3894   0.0108   0.0000  -0.1438  -0.2407    0.619
    10   1.1285   1.9703   0.4526   0.7720   0.0298   0.3924   0.3924   0.0101   0.0000  -0.1492  -0.2468    0.630
    11   1.3637   1.9236   0.4694   0.7537   0.0269   0.3924   0.3924   0.0097   0.0000  -0.1522  -0.2498    0.638
    12   1.6118   1.8743   0.4793   0.7258   0.0277   0.3878   0.3878   0.0087   0.0000  -0.1540  -0.2504    0.647
    13   1.8700   1.8230   0.4823   0.6921   0.0342   0.3801   0.3801   0.0083   0.0000  -0.1550  -0.2496    0.658
    14   2.1357   1.7703   0.4789   0.6560   0.0431   0.3710   0.3710   0.0073   0.0000  -0.1559  -0.2482    0.670
    15   2.4057   1.7167   0.4695   0.6175   0.0448   0.3601   0.3601   0.0062   0.0000  -0.1565  -0.2461    0.685
    16   2.6723   1.6637   0.4384   0.5790   0.0407   0.3484   0.3484   0.0049   0.0000  -0.1570  -0.2436    0.701
    17   2.9325   1.6120   0.4201   0.5391   0.0359   0.3348   0.3348   0.0048   0.0000  -0.1571  -0.2403    0.719
    18   3.1884   1.5612   0.3979   0.5012   0.0313   0.3213   0.3213   0.0036   0.0000  -0.1572  -0.2371    0.739
    19   3.4372   1.5118   0.3724   0.4625   0.0274   0.3062   0.3062   0.0030   0.0000  -0.1571  -0.2333    0.763
    20   3.6775   1.4641   0.3480   0.4249   0.0247   0.2905   0.2905   0.0029   0.0000  -0.1567  -0.2289    0.789
    21   3.9066   1.4186   0.3174   0.3890   0.0233   0.2744   0.2744   0.0025   0.0000  -0.1559  -0.2241    0.818
    22   4.1206   1.3761   0.2853   0.3540   0.0229   0.2575   0.2575   0.0024   0.0000  -0.1545  -0.2185    0.850
    23   4.3172   1.3370   0.2522   0.3211   0.0236   0.2404   0.2404   0.0017   0.0000  -0.1521  -0.2118    0.883
    24   4.4942   1.3019   0.2186   0.2885   0.0257   0.2218   0.2218   0.0014   0.0000  -0.1479  -0.2030    0.917
    25   4.6536   1.2702   0.1944   0.2573   0.0329   0.2028   0.2028   0.0020   0.0000  -0.1407  -0.1911    0.944
    26   4.7929   1.2426   0.1585   0.2235   0.0450   0.1801   0.1801   0.0032   0.0000  -0.1291  -0.1738    0.967
    27   4.9062   1.2201   0.1229   0.1853   0.0580   0.1521   0.1521   0.0038   0.0000  -0.1121  -0.1498    0.987
    28   4.9923   1.2030   0.0875   0.1401   0.0715   0.1167   0.1167   0.0041   0.0000  -0.0883  -0.1172    1.007
    29   5.0502   1.1915   0.0524   0.0881   0.0845   0.0741   0.0741   0.0040   0.0000  -0.0572  -0.0756    1.022
    30   5.0794   1.1857   0.0174   0.0303   0.0935   0.0256   0.0256   0.0018   0.0000  -0.0200  -0.0263    1.030

  Surface # 2     main_wing (YDUP)                        
     # Chordwise = 10   # Spanwise = 30     First strip = 31
     Surface area =    8.662745       Ave. chord =    1.689678
     CLsurf  =   0.16707     Clsurf  =   0.03305
     CYsurf  =   0.02058     Cmsurf  =  -0.07597
     CDsurf  =   0.00318     Cnsurf  =  -0.00320
     CDisurf =   0.00318     CDvsurf =   0.00000

  Forces referred to Ssurf, Cave about hinge axis thru LE
     CLsurf  =   0.33378     CDsurf  =   0.00631
     Deflect =

 Strip Forces referred to Strip Area, Chord
    j      Yle    Chord     Area     c cl      ai      cl_norm  cl       cd       cdv    cm_c/4    cm_LE  C.P.x/c
    31  -0.0034   2.1937   0.0299   0.9707   0.0103   0.4420   0.4420  -0.0209   0.0000  -0.1353   0.2456    0.556
    32  -0.0304   2.1884   0.0891   0.7945   0.0087   0.3635   0.3635   0.0060   0.0000  -0.1181   0.2086    0.575
    33  -0.0840   2.1777   0.1468   0.7813   0.0080   0.3593   0.3593   0.0071   0.0000  -0.1178   0.2072    0.578
    34  -0.1638   2.1619   0.2017   0.7790   0.0085   0.3608   0.3608   0.0079   0.0000  -0.1194   0.2091    0.581
    35  -0.2688   2.1410   0.2531   0.7783   0.0100   0.3640   0.3640   0.0072   0.0000  -0.1222   0.2128    0.586
    36  -0.3979   2.1154   0.3000   0.7822   0.0126   0.3703   0.3703   0.0100   0.0000  -0.1264   0.2185    0.591
    37  -0.5496   2.0852   0.3417   0.7872   0.0163   0.3781   0.3781   0.0105   0.0000  -0.1321   0.2261    0.599
    38  -0.7223   2.0509   0.3776   0.7825   0.0213   0.3821   0.3821   0.0100   0.0000  -0.1374   0.2324    0.610
    39  -0.9142   2.0128   0.4073   0.7825   0.0280   0.3894   0.3894   0.0108   0.0000  -0.1438   0.2407    0.619
    40  -1.1285   1.9703   0.4526   0.7720   0.0298   0.3924   0.3924   0.0101   0.0000  -0.1492   0.2468    0.630
    41  -1.3637   1.9236   0.4694   0.7537   0.0269   0.3924   0.3924   0.0097   0.0000  -0.1522   0.2498    0.638
    42  -1.6118   1.8743   0.4793   0.7258   0.0277   0.3878   0.3878   0.0087   0.0000  -0.1540   0.2504    0.647
    43  -1.8700   1.8230   0.4823   0.6921   0.0342   0.3801   0.3801   0.0083   0.0000  -0.1550   0.2496    0.658
    44  -2.1357   1.7703   0.4789   0.6560   0.0431   0.3710   0.3710   0.0073   0.0000  -0.1559   0.2482    0.670
    45  -2.4057   1.7167   0.4695   0.6175   0.0448   0.3601   0.3601   0.0062   0.0000  -0.1565   0.2461    0.685
    46  -2.6723   1.6637   0.4384   0.5790   0.0407   0.3484   0.3484   0.0049   0.0000  -0.1570   0.2436    0.701
    47  -2.9325   1.6120   0.4201   0.5391   0.0359   0.3348   0.3348   0.0048   0.0000  -0.1571   0.2403    0.719
    48  -3.1884   1.5612   0.3979   0.5012   0.0313   0.3213   0.3213   0.0036   0.0000  -0.1572   0.2371    0.739
    49  -3.4372   1.5118   0.3724   0.4624   0.0274   0.3062   0.3062   0.0030   0.0000  -0.1571   0.2333    0.763
    50  -3.6775   1.4641   0.3480   0.4249   0.0247   0.2905   0.2905   0.0029   0.0000  -0.1567   0.2289    0.789
    51  -3.9066   1.4186   0.3174   0.3890   0.0233   0.2744   0.2744   0.0025   0.0000  -0.1559   0.2241    0.818
    52  -4.1206   1.3761   0.2853   0.3540   0.0229   0.2575   0.2575   0.0024   0.0000  -0.1545   0.2185    0.850
    53  -4.3172   1.3370   0.2522   0.3211   0.0236   0.2404   0.2403   0.0017   0.0000  -0.1521   0.2118    0.883
    54  -4.4942   1.3019   0.2186   0.2885   0.0257   0.2218   0.2218   0.0014   0.0000  -0.1479   0.2030    0.917
    55  -4.6536   1.2702   0.1944   0.2573   0.0329   0.2028   0.2028   0.0020   0.0000  -0.1407   0.1911    0.944
    56  -4.7929   1.2426   0.1585   0.2235   0.0450   0.1801   0.1801   0.0032   0.0000  -0.1291   0.1738    0.967
    57  -4.9062   1.2201   0.1229   0.1853   0.0580   0.1521   0.1521   0.0038   0.0000  -0.1121   0.1498    0.987
    58  -4.9923   1.2030   0.0875   0.1401   0.0715   0.1167   0.1167   0.0041   0.0000  -0.0883   0.1172    1.007
    59  -5.0502   1.1915   0.0524   0.0881   0.0845   0.0741   0.0741   0.0040   0.0000  -0.0572   0.0756    1.022
    60  -5.0794   1.1857   0.0174   0.0303   0.0935   0.0256   0.0256   0.0018   0.0000  -0.0200   0.0263    1.030

  Surface # 3     horizontal_stabilizer                   
     # Chordwise = 10   # Spanwise = 30     First strip = 61
     Surface area =    2.000000       Ave. chord =    1.000000
     CLsurf  =  -0.03188     Clsurf  =   0.00270
     CYsurf  =  -0.00000     Cmsurf  =   0.08543
     CDsurf  =  -0.00058     Cnsurf  =  -0.00013
     CDisurf =  -0.00058     CDvsurf =   0.00000

  Forces referred to Ssurf, Cave about hinge axis thru LE
     CLsurf  =  -0.27382     CDsurf  =  -0.00495
     Deflect =

 Strip Forces referred to Strip Area, Chord
    j      Yle    Chord     Area     c cl      ai      cl_norm  cl       cd       cdv    cm_c/4    cm_LE  C.P.x/c
    61   0.0016   1.1973   0.0076  -0.3408  -0.0048  -0.2850  -0.2841   0.0204   0.0000  -0.0021   0.0687    0.243
    62   0.0142   1.1948   0.0226  -0.3407  -0.0045  -0.2863  -0.2854  -0.0015   0.0000  -0.0022   0.0687    0.242
    63   0.0394   1.1898   0.0373  -0.3407  -0.0041  -0.2875  -0.2866  -0.0033   0.0000  -0.0023   0.0689    0.242
    64   0.0768   1.1824   0.0513  -0.3404  -0.0038  -0.2891  -0.2882  -0.0039   0.0000  -0.0026   0.0690    0.241
    65   0.1222   1.1734   0.0549  -0.3400  -0.0035  -0.2910  -0.2901  -0.0042   0.0000  -0.0029   0.0692    0.240
    66   0.1738   1.1632   0.0653  -0.3393  -0.0032  -0.2930  -0.2921  -0.0046   0.0000  -0.0031   0.0694    0.239
    67   0.2344   1.1513   0.0747  -0.3376  -0.0029  -0.2946  -0.2936  -0.0051   0.0000  -0.0032   0.0697    0.239
    68   0.3034   1.1376   0.0830  -0.3368  -0.0027  -0.2973  -0.2964  -0.0052   0.0000  -0.0036   0.0700    0.238
    69   0.3800   1.1225   0.0900  -0.3348  -0.0025  -0.2996  -0.2986  -0.0052   0.0000  -0.0038   0.0704    0.237
    70   0.4634   1.1060   0.0957  -0.3322  -0.0024  -0.3017  -0.3007  -0.0057   0.0000  -0.0040   0.0707    0.237
    71   0.5527   1.0884   0.1000  -0.3288  -0.0023  -0.3035  -0.3025  -0.0057   0.0000  -0.0043   0.0709    0.236
    72   0.6469   1.0697   0.1030  -0.3246  -0.0023  -0.3048  -0.3038  -0.0058   0.0000  -0.0045   0.0710    0.235
    73   0.7450   1.0504   0.1046  -0.3194  -0.0024  -0.3054  -0.3045  -0.0062   0.0000  -0.0047   0.0709    0.234
    74   0.8459   1.0304   0.1050  -0.3131  -0.0026  -0.3052  -0.3042  -0.0064   0.0000  -0.0050   0.0706    0.234
    75   0.9484   1.0102   0.1040  -0.3055  -0.0030  -0.3038  -0.3029  -0.0063   0.0000  -0.0053   0.0699    0.233
    76   1.0516   0.9898   0.1019  -0.2967  -0.0035  -0.3011  -0.3002  -0.0062   0.0000  -0.0056   0.0689    0.231
    77   1.1541   0.9696   0.0987  -0.2864  -0.0043  -0.2968  -0.2958  -0.0063   0.0000  -0.0060   0.0675    0.230
    78   1.2550   0.9496   0.0946  -0.2747  -0.0052  -0.2906  -0.2897  -0.0060   0.0000  -0.0064   0.0656    0.228
    79   1.3531   0.9303   0.0896  -0.2615  -0.0064  -0.2824  -0.2815  -0.0056   0.0000  -0.0069   0.0630    0.226
    80   1.4473   0.9116   0.0838  -0.2467  -0.0078  -0.2718  -0.2710  -0.0053   0.0000  -0.0074   0.0599    0.223
    81   1.5366   0.8940   0.0773  -0.2304  -0.0093  -0.2589  -0.2581  -0.0049   0.0000  -0.0080   0.0561    0.219
    82   1.6200   0.8775   0.0703  -0.2126  -0.0109  -0.2433  -0.2425  -0.0044   0.0000  -0.0085   0.0517    0.215
    83   1.6966   0.8624   0.0629  -0.1932  -0.0126  -0.2251  -0.2244  -0.0039   0.0000  -0.0090   0.0467    0.210
    84   1.7656   0.8487   0.0551  -0.1725  -0.0143  -0.2041  -0.2035  -0.0033   0.0000  -0.0093   0.0412    0.204
    85   1.8262   0.8368   0.0470  -0.1504  -0.0159  -0.1805  -0.1800  -0.0028   0.0000  -0.0094   0.0353    0.198
    86   1.8778   0.8266   0.0387  -0.1272  -0.0174  -0.1546  -0.1541  -0.0022   0.0000  -0.0091   0.0292    0.191
    87   1.9232   0.8176   0.0355  -0.1020  -0.0189  -0.1252  -0.1249  -0.0016   0.0000  -0.0083   0.0228    0.184
    88   1.9606   0.8102   0.0254  -0.0739  -0.0202  -0.0916  -0.0914  -0.0009   0.0000  -0.0067   0.0160    0.176
    89   1.9858   0.8052   0.0153  -0.0448  -0.0212  -0.0559  -0.0557  -0.0004   0.0000  -0.0044   0.0094    0.171
    90   1.9984   0.8027   0.0051  -0.0150  -0.0217  -0.0188  -0.0187  -0.0002   0.0000  -0.0015   0.0031    0.167

  Surface # 4     horizontal_stabilizer (YDUP)            
     # Chordwise = 10   # Spanwise = 30     First strip = 91
     Surface area =    2.000000       Ave. chord =    1.000000
     CLsurf  =  -0.03188     Clsurf  =  -0.00270
     CYsurf  =   0.00000     Cmsurf  =   0.08543
     CDsurf  =  -0.00058     Cnsurf  =   0.00013
     CDisurf =  -0.00058     CDvsurf =   0.00000

  Forces referred to Ssurf, Cave about hinge axis thru LE
     CLsurf  =  -0.27382     CDsurf  =  -0.00495
     Deflect =

 Strip Forces referred to Strip Area, Chord
    j      Yle    Chord     Area     c cl      ai      cl_norm  cl       cd       cdv    cm_c/4    cm_LE  C.P.x/c
    91  -0.0016   1.1973   0.0076  -0.3408  -0.0048  -0.2850  -0.2841   0.0204   0.0000  -0.0021  -0.0687    0.243
    92  -0.0142   1.1948   0.0226  -0.3407  -0.0045  -0.2863  -0.2854  -0.0015   0.0000  -0.0022  -0.0687    0.242
    93  -0.0394   1.1898   0.0373  -0.3407  -0.0041  -0.2875  -0.2866  -0.0033   0.0000  -0.0023  -0.0689    0.242
    94  -0.0768   1.1824   0.0513  -0.3404  -0.0038  -0.2891  -0.2882  -0.0039   0.0000  -0.0026  -0.0690    0.241
    95  -0.1222   1.1734   0.0549  -0.3400  -0.0035  -0.2910  -0.2901  -0.0042   0.0000  -0.0029  -0.0692    0.240
    96  -0.1738   1.1632   0.0653  -0.3393  -0.0032  -0.2930  -0.2921  -0.0046   0.0000  -0.0031  -0.0694    0.239
    97  -0.2344   1.1513   0.0747  -0.3376  -0.0029  -0.2946  -0.2936  -0.0051   0.0000  -0.0032  -0.0697    0.239
    98  -0.3034   1.1376   0.0830  -0.3368  -0.0027  -0.2973  -0.2964  -0.0052   0.0000  -0.0036  -0.0700    0.238
    99  -0.3800   1.1225   0.0900  -0.3348  -0.0025  -0.2996  -0.2986  -0.0052   0.0000  -0.0038  -0.0704    0.237
   100  -0.4634   1.1060   0.0957  -0.3322  -0.0024  -0.3017  -0.3007  -0.0057   0.0000  -0.0040  -0.0707    0.237
   101  -0.5527   1.0884   0.1000  -0.3288  -0.0023  -0.3035  -0.3025  -0.0057   0.0000  -0.0043  -0.0709    0.236
   102  -0.6469   1.0697   0.1030  -0.3246  -0.0023  -0.3048  -0.3038  -0.0058   0.0000  -0.0045  -0.0710    0.235
   103  -0.7450   1.0504   0.1046  -0.3194  -0.0024  -0.3054  -0.3045  -0.0062   0.0000  -0.0047  -0.0709    0.234
   104  -0.8459   1.0304   0.1050  -0.3131  -0.0026  -0.3052  -0.3042  -0.0064   0.0000  -0.0050  -0.0706    0.234
   105  -0.9484   1.0102   0.1040  -0.3055  -0.0030  -0.3038  -0.3029  -0.0063   0.0000  -0.0053  -0.0699    0.233
   106  -1.0516   0.9898   0.1019  -0.2967  -0.0035  -0.3011  -0.3002  -0.0062   0.0000  -0.0056  -0.0689    0.231
   107  -1.1541   0.9696   0.0987  -0.2864  -0.0043  -0.2968  -0.2958  -0.0063   0.0000  -0.0060  -0.0675    0.230
   108  -1.2550   0.9496   0.0946  -0.2747  -0.0052  -0.2906  -0.2897  -0.0060   0.0000  -0.0064  -0.0656    0.228
   109  -1.3531   0.9303   0.0896  -0.2615  -0.0064  -0.2824  -0.2815  -0.0056   0.0000  -0.0069  -0.0630    0.226
   110  -1.4473   0.9116   0.0838  -0.2467  -0.0078  -0.2718  -0.2710  -0.0053   0.0000  -0.0074  -0.0599    0.223
   111  -1.5366   0.8940   0.0773  -0.2304  -0.0093  -0.2589  -0.2581  -0.0049   0.0000  -0.0080  -0.0561    0.219
   112  -1.6200   0.8775   0.0703  -0.2126  -0.0109  -0.2433  -0.2425  -0.0044   0.0000  -0.0085  -0.0517    0.215
   113  -1.6966   0.8624   0.0629  -0.1932  -0.0126  -0.2251  -0.2244  -0.0039   0.0000  -0.0090  -0.0467    0.210
   114  -1.7656   0.8487   0.0551  -0.1725  -0.0143  -0.2041  -0.2035  -0.0033   0.0000  -0.0093  -0.0412    0.204
   115  -1.8262   0.8368   0.0470  -0.1504  -0.0159  -0.1805  -0.1800  -0.0028   0.0000  -0.0094  -0.0353    0.198
   116  -1.8778   0.8266   0.0387  -0.1272  -0.0174  -0.1546  -0.1541  -0.0022   0.0000  -0.0091  -0.0292    0.191
   117  -1.9232   0.8176   0.0355  -0.1020  -0.0189  -0.1252  -0.1249  -0.0016   0.0000  -0.0083  -0.0228    0.184
   118  -1.9606   0.8102   0.0254  -0.0739  -0.0202  -0.0916  -0.0914  -0.0009   0.0000  -0.0067  -0.0160    0.176
   119  -1.9858   0.8052   0.0153  -0.0448  -0.0212  -0.0559  -0.0557  -0.0004   0.0000  -0.0044  -0.0094    0.171
   120  -1.9984   0.8027   0.0051  -0.0150  -0.0217  -0.0188  -0.0187  -0.0002   0.0000  -0.0015  -0.0031    0.167

  Surface # 5     vertical_stabilizer                     
     # Chordwise = 10   # Spanwise = 30     First strip =121
     Surface area =    1.336749       Ave. chord =    0.902233
     CLsurf  =  -0.00000     Clsurf  =  -0.00000
     CYsurf  =  -0.00000     Cmsurf  =   0.00000
     CDsurf  =   0.00000     Cnsurf  =   0.00000
     CDisurf =   0.00000     CDvsurf =   0.00000

  Forces referred to Ssurf, Cave about hinge axis thru LE
     CLsurf  =   0.00000     CDsurf  =   0.00000
     Deflect =

 Strip Forces referred to Strip Area, Chord
    j      Yle    Chord     Area     c cl      ai      cl_norm  cl       cd       cdv    cm_c/4    cm_LE  C.P.x/c
   121   0.0000   1.2152   0.0161   0.0000  -0.0000   0.0000   0.0000   0.0000   0.0000   0.0000  -0.0000    0.209
   122   0.0000   1.2078   0.0261   0.0000  -0.0000   0.0000   0.0000   0.0000   0.0000   0.0000  -0.0000    0.220
   123   0.0000   1.1968   0.0358   0.0000  -0.0000   0.0000   0.0000  -0.0000   0.0000   0.0000  -0.0000    0.190
   124   0.0000   1.1824   0.0448   0.0000  -0.0000   0.0000   0.0000   0.0000   0.0000   0.0000  -0.0000    0.184
   125   0.0000   1.1646   0.0530   0.0000  -0.0000   0.0000   0.0000   0.0000   0.0000   0.0000  -0.0000    0.205
   126   0.0000   1.1454   0.0506   0.0000  -0.0000   0.0000   0.0000   0.0000   0.0000   0.0000  -0.0000    0.226
   127   0.0000   1.1254   0.0560   0.0000   0.0000   0.0000   0.0000  -0.0000   0.0000   0.0000  -0.0000    0.223
   128   0.0000   1.1031   0.0606   0.0000   0.0000   0.0000   0.0000   0.0000   0.0000   0.0000  -0.0000    0.187
   129   0.0000   1.0787   0.0642   0.0000  -0.0000   0.0000   0.0000   0.0000   0.0000   0.0000  -0.0000    0.204
   130   0.0000   1.0525   0.0669   0.0000   0.0000   0.0000   0.0000  -0.0000   0.0000   0.0000  -0.0000    0.214
   131   0.0000   1.0247   0.0685   0.0000   0.0000   0.0000   0.0000   0.0000   0.0000   0.0000  -0.0000    0.212
   132   0.0000   0.9956   0.0692   0.0000   0.0000   0.0000   0.0000   0.0000   0.0000   0.0000  -0.0000    0.232
   133   0.0000   0.9655   0.0690   0.0000   0.0000   0.0000   0.0000   0.0000   0.0000   0.0000  -0.0000    0.231
   134   0.0000   0.9348   0.0680   0.0000  -0.0000   0.0000   0.0000   0.0000   0.0000   0.0000  -0.0000    0.230
   135   0.0000   0.9037   0.0662   0.0000  -0.0000   0.0000   0.0000   0.0000   0.0000   0.0000  -0.0000    0.235
   136   0.0000   0.8726   0.0636   0.0000   0.0000   0.0000   0.0000  -0.0000   0.0000  -0.0000  -0.0000    0.263
   137   0.0000   0.8417   0.0605   0.0000   0.0000   0.0000   0.0000   0.0000   0.0000  -0.0000  -0.0000    0.251
   138   0.0000   0.8114   0.0569   0.0000  -0.0000   0.0000   0.0000   0.0000   0.0000  -0.0000  -0.0000    0.267
   139   0.0000   0.7821   0.0529   0.0000  -0.0000   0.0000   0.0000  -0.0000   0.0000  -0.0000  -0.0000    0.268
   140   0.0000   0.7540   0.0485   0.0000  -0.0000   0.0000   0.0000  -0.0000   0.0000  -0.0000  -0.0000    0.270
   141   0.0000   0.7274   0.0440   0.0000   0.0000   0.0000   0.0000   0.0000   0.0000  -0.0000  -0.0000    0.268
   142   0.0000   0.7025   0.0393   0.0000  -0.0000   0.0000   0.0000   0.0000   0.0000  -0.0000  -0.0000    0.272
   143   0.0000   0.6798   0.0346   0.0000  -0.0000   0.0000   0.0000   0.0000   0.0000  -0.0000  -0.0000    0.275
   144   0.0000   0.6593   0.0298   0.0000  -0.0000   0.0000   0.0000  -0.0000   0.0000  -0.0000  -0.0000    0.260
   145   0.0000   0.6402   0.0283   0.0000  -0.0000   0.0000   0.0000   0.0000   0.0000   0.0000  -0.0000    0.245
   146   0.0000   0.6229   0.0230   0.0000   0.0000   0.0000   0.0000  -0.0000   0.0000   0.0000  -0.0000    0.214
   147   0.0000   0.6088   0.0177   0.0000  -0.0000   0.0000   0.0000  -0.0000   0.0000   0.0000  -0.0000    0.247
   148   0.0000   0.5981   0.0126   0.0000  -0.0000   0.0000   0.0000  -0.0000   0.0000  -0.0000  -0.0000    0.271
   149   0.0000   0.5910   0.0075   0.0000   0.0000   0.0000   0.0000  -0.0000   0.0000  -0.0000  -0.0000    0.305
   150   0.0000   0.5874   0.0025   0.0000  -0.0000   0.0000   0.0000  -0.0000   0.0000  -0.0000  -0.0000    0.258
 ---------------------------------------------------------------
