 ---------------------------------------------------------------
 Surface and Strip Forces by surface

  Forces referred to Sref, Cref, Bref about Xref, Yref, Zref
 Standard axis orientation,  X fwd, Z down         

  Surface # 1     main_wing                               
     # Chordwise =  4   # Spanwise = 20     First strip =  1
     Surface area =    8.662523       Ave. chord =    1.689634
     CLsurf  =   0.61754     Clsurf  =  -0.12486
     CYsurf  =  -0.08764     Cmsurf  =   0.02146
     CDsurf  =   0.03952     Cnsurf  =  -0.00724
     CDisurf =   0.03952     CDvsurf =   0.00000

  Forces referred to Ssurf, Cave about hinge axis thru LE
     CLsurf  =   1.23675     CDsurf  =   0.07837
     Deflect =

 Strip Forces referred to Strip Area, Chord
    j      Yle    Chord     Area     c cl      ai      cl_norm  cl       cd       cdv    cm_c/4    cm_LE  C.P.x/c
     1   0.0076   2.1929   0.0672   4.6496   0.1408   2.1216   2.1207   0.1248   0.0000  -0.2133  -0.7430    0.351
     2   0.0681   2.1809   0.1987   2.9275   0.1397   1.3401   1.3396   0.1041   0.0000  -0.1501  -0.4857    0.362
     3   0.1877   2.1571   0.3222   2.7948   0.1387   1.2935   1.2930   0.1000   0.0000  -0.1480  -0.4719    0.364
     4   0.3634   2.1222   0.4328   2.7579   0.1397   1.2977   1.2971   0.0984   0.0000  -0.1522  -0.4771    0.367
     5   0.5909   2.0770   0.5265   2.7257   0.1432   1.3128   1.3123   0.0793   0.0000  -0.1604  -0.4885    0.372
     6   0.8645   2.0227   0.6004   2.7051   0.1492   1.3359   1.3353   0.0976   0.0000  -0.1719  -0.5063    0.379
     7   1.1860   1.9589   0.6858   2.6592   0.1475   1.3571   1.3565   0.0907   0.0000  -0.1812  -0.5205    0.384
     8   1.5487   1.8868   0.7158   2.5744   0.1366   1.3646   1.3640   0.0857   0.0000  -0.1854  -0.5265    0.386
     9   1.9359   1.8100   0.7226   2.4524   0.1271   1.3553   1.3547   0.0840   0.0000  -0.1877  -0.5264    0.389
    10   2.3380   1.7301   0.7082   2.3131   0.1187   1.3376   1.3370   0.0802   0.0000  -0.1888  -0.5230    0.391
    11   2.7172   1.6548   0.5847   2.1729   0.1125   1.3143   1.3137   0.0744   0.0000  -0.1888  -0.5171    0.394
    12   3.0642   1.5859   0.5465   2.0251   0.1091   1.2783   1.2778   0.0706   0.0000  -0.1878  -0.5070    0.397
    13   3.3984   1.5195   0.4975   1.8653   0.1072   1.2288   1.2282   0.0685   0.0000  -0.1854  -0.4922    0.401
    14   3.7543   1.4488   0.5599   1.6859   0.1078   1.1646   1.1641   0.0661   0.0000  -0.1818  -0.4727    0.406
    15   4.1178   1.3766   0.4744   1.4815   0.1122   1.0773   1.0768   0.0598   0.0000  -0.1753  -0.4443    0.413
    16   4.4355   1.3135   0.3866   1.2496   0.1206   0.9517   0.9513   0.0579   0.0000  -0.1634  -0.4012    0.422
    17   4.6908   1.2629   0.2779   1.0088   0.1378   0.7984   0.7980   0.0552   0.0000  -0.1439  -0.3436    0.430
    18   4.8804   1.2252   0.1975   0.7519   0.1612   0.6126   0.6123   0.0485   0.0000  -0.1152  -0.2686    0.438
    19   5.0095   1.1996   0.1180   0.4670   0.1820   0.3881   0.3879   0.0347   0.0000  -0.0756  -0.1729    0.445
    20   5.0748   1.1866   0.0392   0.1584   0.1939   0.1328   0.1328   0.0138   0.0000  -0.0264  -0.0598    0.449

  Surface # 2     main_wing (YDUP)                        
     # Chordwise =  4   # Spanwise = 20     First strip = 21
     Surface area =    8.662523       Ave. chord =    1.689634
     CLsurf  =   0.61754     Clsurf  =   0.12486
     CYsurf  =   0.08764     Cmsurf  =   0.02146
     CDsurf  =   0.03952     Cnsurf  =   0.00724
     CDisurf =   0.03952     CDvsurf =   0.00000

  Forces referred to Ssurf, Cave about hinge axis thru LE
     CLsurf  =   1.23675     CDsurf  =   0.07837
     Deflect =

 Strip Forces referred to Strip Area, Chord
    j      Yle    Chord     Area     c cl      ai      cl_norm  cl       cd       cdv    cm_c/4    cm_LE  C.P.x/c
    21  -0.0076   2.1929   0.0672   4.6496   0.1408   2.1216   2.1207   0.1248   0.0000  -0.2133   0.7430    0.351
    22  -0.0681   2.1809   0.1987   2.9275   0.1397   1.3401   1.3396   0.1041   0.0000  -0.1501   0.4857    0.362
    23  -0.1877   2.1571   0.3222   2.7948   0.1387   1.2935   1.2930   0.1000   0.0000  -0.1480   0.4719    0.364
    24  -0.3634   2.1222   0.4328   2.7579   0.1397   1.2977   1.2971   0.0984   0.0000  -0.1522   0.4771    0.367
    25  -0.5909   2.0770   0.5265   2.7257   0.1432   1.3128   1.3123   0.0793   0.0000  -0.1604   0.4885    0.372
    26  -0.8645   2.0227   0.6004   2.7051   0.1492   1.3359   1.3353   0.0976   0.0000  -0.1719   0.5063    0.379
    27  -1.1860   1.9589   0.6858   2.6592   0.1475   1.3571   1.3565   0.0907   0.0000  -0.1812   0.5205    0.384
    28  -1.5487   1.8868   0.7158   2.5744   0.1366   1.3646   1.3640   0.0857   0.0000  -0.1854   0.5265    0.386
    29  -1.9359   1.8100   0.7226   2.4524   0.1271   1.3553   1.3547   0.0840   0.0000  -0.1877   0.5264    0.389
    30  -2.3380   1.7301   0.7082   2.3131   0.1187   1.3376   1.3370   0.0802   0.0000  -0.1888   0.5230    0.391
    31  -2.7172   1.6548   0.5847   2.1729   0.1125   1.3143   1.3137   0.0744   0.0000  -0.1888   0.5171    0.394
    32  -3.0642   1.5859   0.5465   2.0251   0.1091   1.2783   1.2778   0.0706   0.0000  -0.1878   0.5070    0.397
    33  -3.3984   1.5195   0.4975   1.8653   0.1072   1.2288   1.2282   0.0685   0.0000  -0.1854   0.4922    0.401
    34  -3.7543   1.4488   0.5599   1.6859   0.1078   1.1646   1.1641   0.0661   0.0000  -0.1818   0.4727    0.406
    35  -4.1178   1.3766   0.4744   1.4815   0.1122   1.0773   1.0768   0.0598   0.0000  -0.1753   0.4443    0.413
    36  -4.4355   1.3135   0.3866   1.2496   0.1206   0.9517   0.9513   0.0579   0.0000  -0.1634   0.4012    0.422
    37  -4.6908   1.2629   0.2779   1.0088   0.1378   0.7984   0.7980   0.0552   0.0000  -0.1439   0.3436    0.430
    38  -4.8804   1.2252   0.1975   0.7519   0.1612   0.6126   0.6123   0.0485   0.0000  -0.1152   0.2686    0.438
    39  -5.0095   1.1996   0.1180   0.4670   0.1820   0.3881   0.3879   0.0347   0.0000  -0.0756   0.1729    0.445
    40  -5.0748   1.1866   0.0392   0.1584   0.1939   0.1328   0.1328   0.0138   0.0000  -0.0264   0.0598    0.449

  Surface # 3     horizontal_stabilizer                   
     # Chordwise =  4   # Spanwise = 20     First strip = 41
     Surface area =    2.000000       Ave. chord =    1.000000
     CLsurf  =   0.00010     Clsurf  =   0.00002
     CYsurf  =   0.00000     Cmsurf  =  -0.00037
     CDsurf  =   0.00001     Cnsurf  =  -0.00000
     CDisurf =   0.00001     CDvsurf =   0.00000

  Forces referred to Ssurf, Cave about hinge axis thru LE
     CLsurf  =   0.00090     CDsurf  =   0.00010
     Deflect =

 Strip Forces referred to Strip Area, Chord
    j      Yle    Chord     Area     c cl      ai      cl_norm  cl       cd       cdv    cm_c/4    cm_LE  C.P.x/c
    41   0.0028   1.1970   0.0135   0.0097   0.1296   0.0080   0.0080   0.0010   0.0000  -0.0013  -0.0033    0.409
    42   0.0254   1.1926   0.0401   0.0097   0.1295   0.0081   0.0080   0.0010   0.0000  -0.0013  -0.0033    0.409
    43   0.0698   1.1838   0.0652   0.0096   0.1294   0.0080   0.0080   0.0010   0.0000  -0.0013  -0.0033    0.410
    44   0.1388   1.1701   0.0969   0.0092   0.1292   0.0079   0.0078   0.0010   0.0000  -0.0013  -0.0033    0.417
    45   0.2319   1.1517   0.1186   0.0085   0.1289   0.0074   0.0073   0.0009   0.0000  -0.0014  -0.0032    0.436
    46   0.3440   1.1296   0.1361   0.0073   0.1282   0.0064   0.0064   0.0008   0.0000  -0.0015  -0.0031    0.479
    47   0.4722   1.1043   0.1492   0.0055   0.1274   0.0049   0.0049   0.0006   0.0000  -0.0016  -0.0028    0.578
    48   0.6135   1.0764   0.1576   0.0032   0.1264   0.0030   0.0030   0.0004   0.0000  -0.0018  -0.0025    0.848
    49   0.7642   1.0466   0.1613   0.0009   0.1254   0.0009   0.0009   0.0001   0.0000  -0.0020  -0.0022
    50   0.9207   1.0157   0.1605  -0.0012   0.1245  -0.0012  -0.0012  -0.0002   0.0000  -0.0021  -0.0018
    51   1.0793   0.9843   0.1555  -0.0028   0.1237  -0.0028  -0.0028  -0.0004   0.0000  -0.0022  -0.0015   -0.528
    52   1.2358   0.9534   0.1469  -0.0037   0.1229  -0.0039  -0.0038  -0.0005   0.0000  -0.0022  -0.0012   -0.318
    53   1.3865   0.9236   0.1353  -0.0039   0.1223  -0.0042  -0.0042  -0.0005   0.0000  -0.0021  -0.0010   -0.250
    54   1.5278   0.8957   0.1211  -0.0036   0.1217  -0.0040  -0.0040  -0.0005   0.0000  -0.0020  -0.0009   -0.239
    55   1.6560   0.8704   0.1049  -0.0030   0.1212  -0.0034  -0.0034  -0.0004   0.0000  -0.0018  -0.0009   -0.270
    56   1.7681   0.8483   0.0873  -0.0022   0.1208  -0.0025  -0.0025  -0.0003   0.0000  -0.0015  -0.0009   -0.342
    57   1.8612   0.8299   0.0687  -0.0014   0.1206  -0.0017  -0.0017  -0.0002   0.0000  -0.0012  -0.0008   -0.461
    58   1.9302   0.8162   0.0450  -0.0008   0.1205  -0.0010  -0.0010  -0.0001   0.0000  -0.0009  -0.0006   -0.623
    59   1.9746   0.8074   0.0271  -0.0004   0.1204  -0.0005  -0.0005  -0.0001   0.0000  -0.0005  -0.0004   -0.799
    60   1.9972   0.8030   0.0091  -0.0001   0.1204  -0.0002  -0.0002  -0.0000   0.0000  -0.0002  -0.0001   -0.924

  Surface # 4     horizontal_stabilizer (YDUP)            
     # Chordwise =  4   # Spanwise = 20     First strip = 61
     Surface area =    2.000000       Ave. chord =    1.000000
     CLsurf  =   0.00010     Clsurf  =  -0.00002
     CYsurf  =  -0.00000     Cmsurf  =  -0.00037
     CDsurf  =   0.00001     Cnsurf  =   0.00000
     CDisurf =   0.00001     CDvsurf =   0.00000

  Forces referred to Ssurf, Cave about hinge axis thru LE
     CLsurf  =   0.00090     CDsurf  =   0.00010
     Deflect =

 Strip Forces referred to Strip Area, Chord
    j      Yle    Chord     Area     c cl      ai      cl_norm  cl       cd       cdv    cm_c/4    cm_LE  C.P.x/c
    61  -0.0028   1.1970   0.0135   0.0097   0.1296   0.0080   0.0080   0.0010   0.0000  -0.0013   0.0033    0.409
    62  -0.0254   1.1926   0.0401   0.0097   0.1295   0.0081   0.0080   0.0010   0.0000  -0.0013   0.0033    0.409
    63  -0.0698   1.1838   0.0652   0.0096   0.1294   0.0080   0.0080   0.0010   0.0000  -0.0013   0.0033    0.410
    64  -0.1388   1.1701   0.0969   0.0092   0.1292   0.0079   0.0078   0.0010   0.0000  -0.0013   0.0033    0.417
    65  -0.2319   1.1517   0.1186   0.0085   0.1288   0.0074   0.0073   0.0009   0.0000  -0.0014   0.0032    0.436
    66  -0.3440   1.1296   0.1361   0.0073   0.1282   0.0064   0.0064   0.0008   0.0000  -0.0015   0.0031    0.479
    67  -0.4722   1.1043   0.1492   0.0055   0.1274   0.0049   0.0049   0.0006   0.0000  -0.0016   0.0028    0.578
    68  -0.6135   1.0764   0.1576   0.0032   0.1264   0.0030   0.0030   0.0004   0.0000  -0.0018   0.0025    0.848
    69  -0.7642   1.0466   0.1613   0.0009   0.1254   0.0009   0.0009   0.0001   0.0000  -0.0020   0.0022
    70  -0.9207   1.0157   0.1605  -0.0012   0.1245  -0.0012  -0.0012  -0.0002   0.0000  -0.0021   0.0018
    71  -1.0793   0.9843   0.1555  -0.0028   0.1237  -0.0028  -0.0028  -0.0004   0.0000  -0.0022   0.0015   -0.528
    72  -1.2358   0.9534   0.1469  -0.0037   0.1229  -0.0039  -0.0038  -0.0005   0.0000  -0.0022   0.0012   -0.318
    73  -1.3865   0.9236   0.1353  -0.0039   0.1223  -0.0042  -0.0042  -0.0005   0.0000  -0.0021   0.0010   -0.250
    74  -1.5278   0.8957   0.1211  -0.0036   0.1217  -0.0040  -0.0040  -0.0005   0.0000  -0.0020   0.0009   -0.239
    75  -1.6560   0.8704   0.1049  -0.0030   0.1212  -0.0034  -0.0034  -0.0004   0.0000  -0.0018   0.0009   -0.270
    76  -1.7681   0.8483   0.0873  -0.0022   0.1208  -0.0025  -0.0025  -0.0003   0.0000  -0.0015   0.0009   -0.342
    77  -1.8612   0.8299   0.0687  -0.0014   0.1206  -0.0017  -0.0017  -0.0002   0.0000  -0.0012   0.0008   -0.461
    78  -1.9302   0.8162   0.0450  -0.0008   0.1205  -0.0010  -0.0010  -0.0001   0.0000  -0.0009   0.0006   -0.623
    79  -1.9746   0.8074   0.0271  -0.0004   0.1204  -0.0005  -0.0005  -0.0001   0.0000  -0.0005   0.0004   -0.799
    80  -1.9972   0.8030   0.0091  -0.0001   0.1204  -0.0002  -0.0002  -0.0000   0.0000  -0.0002   0.0001   -0.924

  Surface # 5     vertical_stabilizer                     
     # Chordwise =  4   # Spanwise = 20     First strip = 81
     Surface area =    1.336680       Ave. chord =    0.902187
     CLsurf  =   0.00000     Clsurf  =  -0.00000
     CYsurf  =  -0.00000     Cmsurf  =  -0.00000
     CDsurf  =  -0.00000     Cnsurf  =   0.00000
     CDisurf =  -0.00000     CDvsurf =   0.00000

  Forces referred to Ssurf, Cave about hinge axis thru LE
     CLsurf  =   0.00000     CDsurf  =  -0.00000
     Deflect =

 Strip Forces referred to Strip Area, Chord
    j      Yle    Chord     Area     c cl      ai      cl_norm  cl       cd       cdv    cm_c/4    cm_LE  C.P.x/c
    81   0.0000   1.2147   0.0206   0.0000  -0.0000   0.0000   0.0000  -0.0000   0.0000   0.0000  -0.0000    0.187
    82   0.0000   1.2045   0.0371   0.0000   0.0000   0.0000   0.0000   0.0000   0.0000   0.0000  -0.0000    0.140
    83   0.0000   1.1886   0.0523   0.0000  -0.0000   0.0000   0.0000   0.0000   0.0000   0.0000  -0.0000    0.150
    84   0.0000   1.1671   0.0658   0.0000   0.0000   0.0000   0.0000  -0.0000   0.0000   0.0000  -0.0000    0.246
    85   0.0000   1.1382   0.0906   0.0000  -0.0000   0.0000   0.0000   0.0000   0.0000  -0.0000  -0.0000    0.257
    86   0.0000   1.1018   0.1003   0.0000  -0.0000   0.0000   0.0000  -0.0000   0.0000  -0.0000  -0.0000    0.270
    87   0.0000   1.0610   0.1064   0.0000   0.0000   0.0000   0.0000  -0.0000   0.0000   0.0000  -0.0000    0.199
    88   0.0000   1.0166   0.1091   0.0000  -0.0000   0.0000   0.0000   0.0000   0.0000   0.0000  -0.0000    0.087
    89   0.0000   0.9698   0.1086   0.0000   0.0000   0.0000   0.0000   0.0000   0.0000   0.0000  -0.0000    0.151
    90   0.0000   0.9216   0.1050   0.0000  -0.0000   0.0000   0.0000  -0.0000   0.0000   0.0000  -0.0000    0.178
    91   0.0000   0.8731   0.0989   0.0000  -0.0000   0.0000   0.0000  -0.0000   0.0000   0.0000  -0.0000    0.129
    92   0.0000   0.8255   0.0908   0.0000  -0.0000   0.0000   0.0000  -0.0000   0.0000   0.0000  -0.0000    0.125
    93   0.0000   0.7798   0.0812   0.0000  -0.0000   0.0000   0.0000  -0.0000   0.0000   0.0000  -0.0000    0.124
    94   0.0000   0.7371   0.0706   0.0000   0.0000   0.0000   0.0000  -0.0000   0.0000   0.0000  -0.0000    0.171
    95   0.0000   0.6985   0.0595   0.0000   0.0000   0.0000   0.0000   0.0000   0.0000   0.0000  -0.0000    0.101
    96   0.0000   0.6647   0.0483   0.0000  -0.0000   0.0000   0.0000  -0.0000   0.0000   0.0000  -0.0000    0.080
    97   0.0000   0.6356   0.0405   0.0000   0.0000   0.0000   0.0000   0.0000   0.0000   0.0000  -0.0000    0.117
    98   0.0000   0.6120   0.0285   0.0000  -0.0000   0.0000   0.0000  -0.0000   0.0000   0.0000  -0.0000    0.086
    99   0.0000   0.5960   0.0169   0.0000   0.0000   0.0000   0.0000  -0.0000   0.0000   0.0000  -0.0000    0.068
   100   0.0000   0.5879   0.0056   0.0000  -0.0000   0.0000   0.0000  -0.0000   0.0000   0.0000  -0.0000    0.060
 ---------------------------------------------------------------
