 ---------------------------------------------------------------
 Surface and Strip Forces by surface

  Forces referred to Sref, Cref, Bref about Xref, Yref, Zref
 Standard axis orientation,  X fwd, Z down         

  Surface # 1     main_wing                               
     # Chordwise = 10   # Spanwise = 30     First strip =  1
     Surface area =    8.662745       Ave. chord =    1.689678
     CLsurf  =   0.26231     Clsurf  =  -0.05166
     CYsurf  =  -0.03227     Cmsurf  =  -0.13704
     CDsurf  =   0.00695     Cnsurf  =   0.00581
     CDisurf =   0.00695     CDvsurf =   0.00000

  Forces referred to Ssurf, Cave about hinge axis thru LE
     CLsurf  =   0.52403     CDsurf  =   0.01379
     Deflect =

 Strip Forces referred to Strip Area, Chord
    j      Yle    Chord     Area     c cl      ai      cl_norm  cl       cd       cdv    cm_c/4    cm_LE  C.P.x/c
     1   0.0034   2.1937   0.0299   2.4066   0.0177   1.0925   1.0925  -0.1480   0.0000  -0.3281  -0.6015    0.550
     2   0.0304   2.1884   0.0891   1.3355   0.0164   0.6108   0.6108   0.0042   0.0000  -0.2302  -0.3822    0.627
     3   0.0840   2.1777   0.1468   1.2512   0.0149   0.5754   0.5754   0.0137   0.0000  -0.2240  -0.3671    0.639
     4   0.1638   2.1619   0.2017   1.2305   0.0148   0.5701   0.5701   0.0167   0.0000  -0.2249  -0.3667    0.645
     5   0.2688   2.1410   0.2531   1.2148   0.0158   0.5683   0.5683   0.0157   0.0000  -0.2282  -0.3695    0.652
     6   0.3979   2.1154   0.3000   1.2277   0.0180   0.5815   0.5815   0.0214   0.0000  -0.2351  -0.3796    0.654
     7   0.5496   2.0852   0.3417   1.2452   0.0217   0.5982   0.5982   0.0196   0.0000  -0.2447  -0.3934    0.659
     8   0.7223   2.0509   0.3776   1.2218   0.0270   0.5967   0.5967   0.0187   0.0000  -0.2523  -0.4006    0.673
     9   0.9142   2.0128   0.4073   1.2120   0.0344   0.6033   0.6033   0.0231   0.0000  -0.2595  -0.4094    0.680
    10   1.1285   1.9703   0.4526   1.1927   0.0373   0.6065   0.6065   0.0242   0.0000  -0.2693  -0.4200    0.694
    11   1.3637   1.9236   0.4694   1.1680   0.0362   0.6083   0.6083   0.0210   0.0000  -0.2748  -0.4259    0.702
    12   1.6118   1.8743   0.4793   1.1272   0.0406   0.6024   0.6024   0.0192   0.0000  -0.2785  -0.4282    0.712
    13   1.8700   1.8230   0.4823   1.0754   0.0533   0.5909   0.5909   0.0193   0.0000  -0.2813  -0.4282    0.726
    14   2.1357   1.7703   0.4789   1.0230   0.0690   0.5788   0.5788   0.0176   0.0000  -0.2837  -0.4275    0.740
    15   2.4057   1.7167   0.4695   0.9682   0.0729   0.5648   0.5648   0.0154   0.0000  -0.2855  -0.4259    0.756
    16   2.6723   1.6637   0.4384   0.9127   0.0674   0.5493   0.5493   0.0126   0.0000  -0.2869  -0.4234    0.772
    17   2.9325   1.6120   0.4201   0.8517   0.0603   0.5291   0.5291   0.0124   0.0000  -0.2869  -0.4183    0.792
    18   3.1884   1.5612   0.3979   0.7961   0.0537   0.5105   0.5105   0.0097   0.0000  -0.2869  -0.4138    0.812
    19   3.4372   1.5118   0.3724   0.7362   0.0480   0.4875   0.4875   0.0077   0.0000  -0.2855  -0.4067    0.836
    20   3.6775   1.4641   0.3480   0.6765   0.0439   0.4626   0.4626   0.0073   0.0000  -0.2830  -0.3979    0.862
    21   3.9066   1.4186   0.3174   0.6179   0.0414   0.4361   0.4361   0.0068   0.0000  -0.2788  -0.3871    0.889
    22   4.1206   1.3761   0.2853   0.5600   0.0400   0.4074   0.4074   0.0059   0.0000  -0.2723  -0.3736    0.919
    23   4.3172   1.3370   0.2522   0.5034   0.0398   0.3769   0.3769   0.0046   0.0000  -0.2631  -0.3567    0.948
    24   4.4942   1.3019   0.2186   0.4460   0.0408   0.3429   0.3429   0.0040   0.0000  -0.2498  -0.3349    0.978
    25   4.6536   1.2702   0.1944   0.3918   0.0466   0.3088   0.3088   0.0039   0.0000  -0.2311  -0.3078    0.998
    26   4.7929   1.2426   0.1585   0.3314   0.0565   0.2671   0.2671   0.0062   0.0000  -0.2052  -0.2715    1.018
    27   4.9062   1.2201   0.1229   0.2672   0.0667   0.2193   0.2193   0.0068   0.0000  -0.1720  -0.2264    1.034
    28   4.9923   1.2030   0.0875   0.1967   0.0769   0.1639   0.1639   0.0074   0.0000  -0.1308  -0.1715    1.048
    29   5.0502   1.1915   0.0524   0.1213   0.0859   0.1021   0.1021   0.0066   0.0000  -0.0824  -0.1077    1.057
    30   5.0794   1.1857   0.0174   0.0413   0.0916   0.0349   0.0349   0.0022   0.0000  -0.0282  -0.0368    1.058

  Surface # 2     main_wing (YDUP)                        
     # Chordwise = 10   # Spanwise = 30     First strip = 31
     Surface area =    8.662745       Ave. chord =    1.689678
     CLsurf  =   0.26231     Clsurf  =   0.05166
     CYsurf  =   0.03227     Cmsurf  =  -0.13704
     CDsurf  =   0.00695     Cnsurf  =  -0.00581
     CDisurf =   0.00695     CDvsurf =   0.00000

  Forces referred to Ssurf, Cave about hinge axis thru LE
     CLsurf  =   0.52403     CDsurf  =   0.01379
     Deflect =

 Strip Forces referred to Strip Area, Chord
    j      Yle    Chord     Area     c cl      ai      cl_norm  cl       cd       cdv    cm_c/4    cm_LE  C.P.x/c
    31  -0.0034   2.1937   0.0299   2.4066   0.0177   1.0925   1.0925  -0.1480   0.0000  -0.3281   0.6015    0.550
    32  -0.0304   2.1884   0.0891   1.3355   0.0164   0.6108   0.6108   0.0042   0.0000  -0.2302   0.3822    0.627
    33  -0.0840   2.1777   0.1468   1.2512   0.0149   0.5754   0.5754   0.0137   0.0000  -0.2240   0.3671    0.639
    34  -0.1638   2.1619   0.2017   1.2305   0.0148   0.5701   0.5701   0.0167   0.0000  -0.2249   0.3667    0.645
    35  -0.2688   2.1410   0.2531   1.2148   0.0158   0.5683   0.5683   0.0157   0.0000  -0.2282   0.3695    0.652
    36  -0.3979   2.1154   0.3000   1.2277   0.0180   0.5815   0.5815   0.0214   0.0000  -0.2351   0.3796    0.654
    37  -0.5496   2.0852   0.3417   1.2452   0.0217   0.5982   0.5982   0.0196   0.0000  -0.2447   0.3934    0.659
    38  -0.7223   2.0509   0.3776   1.2218   0.0270   0.5967   0.5967   0.0187   0.0000  -0.2523   0.4006    0.673
    39  -0.9142   2.0128   0.4073   1.2120   0.0344   0.6033   0.6033   0.0231   0.0000  -0.2595   0.4094    0.680
    40  -1.1285   1.9703   0.4526   1.1927   0.0373   0.6065   0.6065   0.0242   0.0000  -0.2693   0.4200    0.694
    41  -1.3637   1.9236   0.4694   1.1680   0.0362   0.6083   0.6083   0.0210   0.0000  -0.2748   0.4259    0.702
    42  -1.6118   1.8743   0.4793   1.1272   0.0406   0.6024   0.6024   0.0192   0.0000  -0.2785   0.4282    0.712
    43  -1.8700   1.8230   0.4823   1.0754   0.0533   0.5909   0.5909   0.0193   0.0000  -0.2813   0.4282    0.726
    44  -2.1357   1.7703   0.4789   1.0230   0.0690   0.5788   0.5788   0.0176   0.0000  -0.2837   0.4275    0.740
    45  -2.4057   1.7167   0.4695   0.9682   0.0729   0.5648   0.5648   0.0154   0.0000  -0.2855   0.4259    0.756
    46  -2.6723   1.6637   0.4384   0.9127   0.0674   0.5493   0.5493   0.0126   0.0000  -0.2869   0.4234    0.772
    47  -2.9325   1.6120   0.4201   0.8517   0.0603   0.5291   0.5291   0.0124   0.0000  -0.2869   0.4183    0.792
    48  -3.1884   1.5612   0.3979   0.7961   0.0537   0.5105   0.5105   0.0097   0.0000  -0.2869   0.4138    0.812
    49  -3.4372   1.5118   0.3724   0.7362   0.0480   0.4875   0.4875   0.0077   0.0000  -0.2855   0.4067    0.836
    50  -3.6775   1.4641   0.3480   0.6765   0.0439   0.4626   0.4626   0.0073   0.0000  -0.2830   0.3979    0.862
    51  -3.9066   1.4186   0.3174   0.6179   0.0414   0.4361   0.4361   0.0068   0.0000  -0.2788   0.3871    0.889
    52  -4.1206   1.3761   0.2853   0.5600   0.0400   0.4074   0.4074   0.0059   0.0000  -0.2723   0.3736    0.919
    53  -4.3172   1.3370   0.2522   0.5034   0.0398   0.3769   0.3769   0.0046   0.0000  -0.2631   0.3567    0.948
    54  -4.4942   1.3019   0.2186   0.4460   0.0408   0.3429   0.3429   0.0040   0.0000  -0.2498   0.3349    0.978
    55  -4.6536   1.2702   0.1944   0.3918   0.0466   0.3088   0.3088   0.0039   0.0000  -0.2311   0.3078    0.998
    56  -4.7929   1.2426   0.1585   0.3314   0.0565   0.2671   0.2671   0.0062   0.0000  -0.2052   0.2715    1.018
    57  -4.9062   1.2201   0.1229   0.2672   0.0667   0.2193   0.2193   0.0068   0.0000  -0.1720   0.2264    1.034
    58  -4.9923   1.2030   0.0875   0.1967   0.0769   0.1639   0.1639   0.0074   0.0000  -0.1308   0.1715    1.048
    59  -5.0502   1.1915   0.0524   0.1213   0.0859   0.1021   0.1021   0.0066   0.0000  -0.0824   0.1077    1.057
    60  -5.0794   1.1857   0.0174   0.0413   0.0916   0.0349   0.0349   0.0022   0.0000  -0.0282   0.0368    1.058

  Surface # 3     horizontal_stabilizer                   
     # Chordwise = 10   # Spanwise = 30     First strip = 61
     Surface area =    2.000000       Ave. chord =    1.000000
     CLsurf  =  -0.05171     Clsurf  =   0.00433
     CYsurf  =  -0.00000     Cmsurf  =   0.13791
     CDsurf  =  -0.00100     Cnsurf  =  -0.00024
     CDisurf =  -0.00100     CDvsurf =   0.00000

  Forces referred to Ssurf, Cave about hinge axis thru LE
     CLsurf  =  -0.44408     CDsurf  =  -0.00858
     Deflect =

 Strip Forces referred to Strip Area, Chord
    j      Yle    Chord     Area     c cl      ai      cl_norm  cl       cd       cdv    cm_c/4    cm_LE  C.P.x/c
    61   0.0016   1.1973   0.0076  -0.5599  -0.0118  -0.4648  -0.4634   0.1300   0.0000  -0.0102   0.1061    0.228
    62   0.0142   1.1948   0.0226  -0.5599  -0.0115  -0.4701  -0.4686   0.0072   0.0000  -0.0103   0.1063    0.228
    63   0.0394   1.1898   0.0373  -0.5597  -0.0112  -0.4723  -0.4708  -0.0021   0.0000  -0.0106   0.1065    0.228
    64   0.0768   1.1824   0.0513  -0.5594  -0.0109  -0.4750  -0.4736  -0.0046   0.0000  -0.0110   0.1067    0.227
    65   0.1222   1.1734   0.0549  -0.5588  -0.0107  -0.4782  -0.4767  -0.0052   0.0000  -0.0116   0.1069    0.226
    66   0.1738   1.1632   0.0653  -0.5580  -0.0104  -0.4818  -0.4803  -0.0062   0.0000  -0.0123   0.1071    0.224
    67   0.2344   1.1513   0.0747  -0.5537  -0.0102  -0.4830  -0.4815  -0.0077   0.0000  -0.0125   0.1072    0.224
    68   0.3034   1.1376   0.0830  -0.5535  -0.0101  -0.4887  -0.4871  -0.0082   0.0000  -0.0136   0.1075    0.222
    69   0.3800   1.1225   0.0900  -0.5501  -0.0100  -0.4922  -0.4907  -0.0083   0.0000  -0.0143   0.1076    0.221
    70   0.4634   1.1060   0.0957  -0.5456  -0.0100  -0.4954  -0.4939  -0.0095   0.0000  -0.0151   0.1076    0.219
    71   0.5527   1.0884   0.1000  -0.5396  -0.0100  -0.4980  -0.4964  -0.0096   0.0000  -0.0159   0.1075    0.218
    72   0.6469   1.0697   0.1030  -0.5321  -0.0101  -0.4996  -0.4981  -0.0105   0.0000  -0.0167   0.1070    0.216
    73   0.7450   1.0504   0.1046  -0.5227  -0.0102  -0.4999  -0.4984  -0.0113   0.0000  -0.0176   0.1063    0.215
    74   0.8459   1.0304   0.1050  -0.5114  -0.0104  -0.4986  -0.4970  -0.0118   0.0000  -0.0184   0.1051    0.213
    75   0.9484   1.0102   0.1040  -0.4979  -0.0107  -0.4951  -0.4936  -0.0120   0.0000  -0.0193   0.1034    0.211
    76   1.0516   0.9898   0.1019  -0.4820  -0.0112  -0.4892  -0.4877  -0.0119   0.0000  -0.0201   0.1011    0.209
    77   1.1541   0.9696   0.0987  -0.4637  -0.0117  -0.4805  -0.4790  -0.0117   0.0000  -0.0210   0.0981    0.206
    78   1.2550   0.9496   0.0946  -0.4429  -0.0123  -0.4686  -0.4671  -0.0115   0.0000  -0.0218   0.0943    0.203
    79   1.3531   0.9303   0.0896  -0.4197  -0.0131  -0.4532  -0.4518  -0.0115   0.0000  -0.0225   0.0898    0.200
    80   1.4473   0.9116   0.0838  -0.3939  -0.0139  -0.4341  -0.4328  -0.0106   0.0000  -0.0231   0.0845    0.197
    81   1.5366   0.8940   0.0773  -0.3659  -0.0148  -0.4112  -0.4099  -0.0105   0.0000  -0.0235   0.0784    0.193
    82   1.6200   0.8775   0.0703  -0.3356  -0.0157  -0.3842  -0.3830  -0.0098   0.0000  -0.0236   0.0716    0.188
    83   1.6966   0.8624   0.0629  -0.3032  -0.0166  -0.3532  -0.3521  -0.0086   0.0000  -0.0234   0.0641    0.184
    84   1.7656   0.8487   0.0551  -0.2691  -0.0175  -0.3185  -0.3175  -0.0079   0.0000  -0.0227   0.0562    0.179
    85   1.8262   0.8368   0.0470  -0.2334  -0.0183  -0.2802  -0.2793  -0.0067   0.0000  -0.0214   0.0481    0.173
    86   1.8778   0.8266   0.0387  -0.1963  -0.0191  -0.2386  -0.2379  -0.0060   0.0000  -0.0194   0.0397    0.168
    87   1.9232   0.8176   0.0355  -0.1566  -0.0199  -0.1924  -0.1918  -0.0045   0.0000  -0.0167   0.0310    0.163
    88   1.9606   0.8102   0.0254  -0.1131  -0.0206  -0.1402  -0.1398  -0.0030   0.0000  -0.0128   0.0220    0.158
    89   1.9858   0.8052   0.0153  -0.0683  -0.0211  -0.0852  -0.0850  -0.0021   0.0000  -0.0081   0.0130    0.155
    90   1.9984   0.8027   0.0051  -0.0228  -0.0214  -0.0286  -0.0285  -0.0014   0.0000  -0.0028   0.0043    0.153

  Surface # 4     horizontal_stabilizer (YDUP)            
     # Chordwise = 10   # Spanwise = 30     First strip = 91
     Surface area =    2.000000       Ave. chord =    1.000000
     CLsurf  =  -0.05171     Clsurf  =  -0.00433
     CYsurf  =   0.00000     Cmsurf  =   0.13791
     CDsurf  =  -0.00100     Cnsurf  =   0.00024
     CDisurf =  -0.00100     CDvsurf =   0.00000

  Forces referred to Ssurf, Cave about hinge axis thru LE
     CLsurf  =  -0.44408     CDsurf  =  -0.00858
     Deflect =

 Strip Forces referred to Strip Area, Chord
    j      Yle    Chord     Area     c cl      ai      cl_norm  cl       cd       cdv    cm_c/4    cm_LE  C.P.x/c
    91  -0.0016   1.1973   0.0076  -0.5599  -0.0118  -0.4648  -0.4634   0.1300   0.0000  -0.0102  -0.1061    0.228
    92  -0.0142   1.1948   0.0226  -0.5599  -0.0115  -0.4701  -0.4686   0.0072   0.0000  -0.0103  -0.1063    0.228
    93  -0.0394   1.1898   0.0373  -0.5597  -0.0112  -0.4723  -0.4708  -0.0021   0.0000  -0.0106  -0.1065    0.228
    94  -0.0768   1.1824   0.0513  -0.5594  -0.0109  -0.4750  -0.4736  -0.0046   0.0000  -0.0110  -0.1067    0.227
    95  -0.1222   1.1734   0.0549  -0.5588  -0.0107  -0.4782  -0.4767  -0.0052   0.0000  -0.0116  -0.1069    0.226
    96  -0.1738   1.1632   0.0653  -0.5580  -0.0104  -0.4818  -0.4803  -0.0062   0.0000  -0.0123  -0.1071    0.224
    97  -0.2344   1.1513   0.0747  -0.5537  -0.0102  -0.4830  -0.4815  -0.0077   0.0000  -0.0125  -0.1072    0.224
    98  -0.3034   1.1376   0.0830  -0.5535  -0.0101  -0.4887  -0.4871  -0.0082   0.0000  -0.0136  -0.1075    0.222
    99  -0.3800   1.1225   0.0900  -0.5501  -0.0100  -0.4922  -0.4907  -0.0083   0.0000  -0.0143  -0.1076    0.221
   100  -0.4634   1.1060   0.0957  -0.5456  -0.0100  -0.4954  -0.4939  -0.0095   0.0000  -0.0151  -0.1076    0.219
   101  -0.5527   1.0884   0.1000  -0.5396  -0.0100  -0.4980  -0.4964  -0.0096   0.0000  -0.0159  -0.1075    0.218
   102  -0.6469   1.0697   0.1030  -0.5321  -0.0101  -0.4996  -0.4981  -0.0105   0.0000  -0.0167  -0.1070    0.216
   103  -0.7450   1.0504   0.1046  -0.5227  -0.0102  -0.4999  -0.4984  -0.0113   0.0000  -0.0176  -0.1063    0.215
   104  -0.8459   1.0304   0.1050  -0.5114  -0.0104  -0.4986  -0.4970  -0.0118   0.0000  -0.0184  -0.1051    0.213
   105  -0.9484   1.0102   0.1040  -0.4979  -0.0107  -0.4951  -0.4936  -0.0120   0.0000  -0.0193  -0.1034    0.211
   106  -1.0516   0.9898   0.1019  -0.4820  -0.0112  -0.4892  -0.4877  -0.0119   0.0000  -0.0201  -0.1011    0.209
   107  -1.1541   0.9696   0.0987  -0.4637  -0.0117  -0.4805  -0.4790  -0.0117   0.0000  -0.0210  -0.0981    0.206
   108  -1.2550   0.9496   0.0946  -0.4429  -0.0123  -0.4686  -0.4671  -0.0115   0.0000  -0.0218  -0.0943    0.203
   109  -1.3531   0.9303   0.0896  -0.4197  -0.0131  -0.4532  -0.4518  -0.0115   0.0000  -0.0225  -0.0898    0.200
   110  -1.4473   0.9116   0.0838  -0.3939  -0.0139  -0.4341  -0.4328  -0.0106   0.0000  -0.0231  -0.0845    0.197
   111  -1.5366   0.8940   0.0773  -0.3659  -0.0148  -0.4112  -0.4099  -0.0105   0.0000  -0.0235  -0.0784    0.193
   112  -1.6200   0.8775   0.0703  -0.3356  -0.0157  -0.3842  -0.3830  -0.0098   0.0000  -0.0236  -0.0716    0.188
   113  -1.6966   0.8624   0.0629  -0.3032  -0.0166  -0.3532  -0.3521  -0.0086   0.0000  -0.0234  -0.0641    0.184
   114  -1.7656   0.8487   0.0551  -0.2691  -0.0175  -0.3185  -0.3175  -0.0079   0.0000  -0.0227  -0.0562    0.179
   115  -1.8262   0.8368   0.0470  -0.2334  -0.0183  -0.2802  -0.2793  -0.0067   0.0000  -0.0214  -0.0481    0.173
   116  -1.8778   0.8266   0.0387  -0.1963  -0.0191  -0.2386  -0.2379  -0.0060   0.0000  -0.0194  -0.0397    0.168
   117  -1.9232   0.8176   0.0355  -0.1566  -0.0199  -0.1924  -0.1918  -0.0045   0.0000  -0.0167  -0.0310    0.163
   118  -1.9606   0.8102   0.0254  -0.1131  -0.0206  -0.1402  -0.1398  -0.0030   0.0000  -0.0128  -0.0220    0.158
   119  -1.9858   0.8052   0.0153  -0.0683  -0.0211  -0.0852  -0.0850  -0.0021   0.0000  -0.0081  -0.0130    0.155
   120  -1.9984   0.8027   0.0051  -0.0228  -0.0214  -0.0286  -0.0285  -0.0014   0.0000  -0.0028  -0.0043    0.153

  Surface # 5     vertical_stabilizer                     
     # Chordwise = 10   # Spanwise = 30     First strip =121
     Surface area =    1.336749       Ave. chord =    0.902233
     CLsurf  =   0.00000     Clsurf  =  -0.00000
     CYsurf  =  -0.00000     Cmsurf  =  -0.00000
     CDsurf  =  -0.00000     Cnsurf  =   0.00000
     CDisurf =  -0.00000     CDvsurf =   0.00000

  Forces referred to Ssurf, Cave about hinge axis thru LE
     CLsurf  =   0.00000     CDsurf  =  -0.00000
     Deflect =

 Strip Forces referred to Strip Area, Chord
    j      Yle    Chord     Area     c cl      ai      cl_norm  cl       cd       cdv    cm_c/4    cm_LE  C.P.x/c
   121   0.0000   1.2152   0.0161   0.0000  -0.0000   0.0000   0.0000   0.0000   0.0000   0.0000  -0.0000    0.198
   122   0.0000   1.2078   0.0261   0.0000  -0.0000   0.0000   0.0000   0.0000   0.0000   0.0000  -0.0000    0.188
   123   0.0000   1.1968   0.0358   0.0000  -0.0000   0.0000   0.0000   0.0000   0.0000   0.0000  -0.0000    0.188
   124   0.0000   1.1824   0.0448   0.0000  -0.0000   0.0000   0.0000   0.0000   0.0000   0.0000  -0.0000    0.181
   125   0.0000   1.1646   0.0530   0.0000  -0.0000   0.0000   0.0000  -0.0000   0.0000   0.0000  -0.0000    0.181
   126   0.0000   1.1454   0.0506   0.0000  -0.0000   0.0000   0.0000  -0.0000   0.0000   0.0000  -0.0000    0.179
   127   0.0000   1.1254   0.0560   0.0000  -0.0000   0.0000   0.0000  -0.0000   0.0000   0.0000  -0.0000    0.180
   128   0.0000   1.1031   0.0606   0.0000  -0.0000   0.0000   0.0000  -0.0000   0.0000   0.0000  -0.0000    0.179
   129   0.0000   1.0787   0.0642   0.0000  -0.0000   0.0000   0.0000  -0.0000   0.0000   0.0000  -0.0000    0.183
   130   0.0000   1.0525   0.0669   0.0000  -0.0000   0.0000   0.0000  -0.0000   0.0000   0.0000  -0.0000    0.182
   131   0.0000   1.0247   0.0685   0.0000  -0.0000   0.0000   0.0000  -0.0000   0.0000   0.0000  -0.0000    0.183
   132   0.0000   0.9956   0.0692   0.0000  -0.0000   0.0000   0.0000  -0.0000   0.0000   0.0000  -0.0000    0.189
   133   0.0000   0.9655   0.0690   0.0000  -0.0000   0.0000   0.0000  -0.0000   0.0000   0.0000  -0.0000    0.189
   134   0.0000   0.9348   0.0680   0.0000  -0.0000   0.0000   0.0000  -0.0000   0.0000   0.0000  -0.0000    0.188
   135   0.0000   0.9037   0.0662   0.0000  -0.0000   0.0000   0.0000  -0.0000   0.0000   0.0000  -0.0000    0.190
   136   0.0000   0.8726   0.0636   0.0000  -0.0000   0.0000   0.0000  -0.0000   0.0000   0.0000  -0.0000    0.191
   137   0.0000   0.8417   0.0605   0.0000  -0.0000   0.0000   0.0000  -0.0000   0.0000   0.0000  -0.0000    0.191
   138   0.0000   0.8114   0.0569   0.0000  -0.0000   0.0000   0.0000  -0.0000   0.0000   0.0000  -0.0000    0.192
   139   0.0000   0.7821   0.0529   0.0000  -0.0000   0.0000   0.0000  -0.0000   0.0000   0.0000  -0.0000    0.190
   140   0.0000   0.7540   0.0485   0.0000  -0.0000   0.0000   0.0000  -0.0000   0.0000   0.0000  -0.0000    0.191
   141   0.0000   0.7274   0.0440   0.0000  -0.0000   0.0000   0.0000  -0.0000   0.0000   0.0000  -0.0000    0.187
   142   0.0000   0.7025   0.0393   0.0000  -0.0000   0.0000   0.0000  -0.0000   0.0000   0.0000  -0.0000    0.185
   143   0.0000   0.6798   0.0346   0.0000  -0.0000   0.0000   0.0000  -0.0000   0.0000   0.0000  -0.0000    0.177
   144   0.0000   0.6593   0.0298   0.0000  -0.0000   0.0000   0.0000  -0.0000   0.0000   0.0000  -0.0000    0.169
   145   0.0000   0.6402   0.0283   0.0000  -0.0000   0.0000   0.0000  -0.0000   0.0000   0.0000  -0.0000    0.163
   146   0.0000   0.6229   0.0230   0.0000  -0.0000   0.0000   0.0000  -0.0000   0.0000   0.0000  -0.0000    0.158
   147   0.0000   0.6088   0.0177   0.0000  -0.0000   0.0000   0.0000  -0.0000   0.0000   0.0000  -0.0000    0.151
   148   0.0000   0.5981   0.0126   0.0000  -0.0000   0.0000   0.0000  -0.0000   0.0000   0.0000  -0.0000    0.145
   149   0.0000   0.5910   0.0075   0.0000  -0.0000   0.0000   0.0000  -0.0000   0.0000   0.0000  -0.0000    0.142
   150   0.0000   0.5874   0.0025   0.0000  -0.0000   0.0000   0.0000  -0.0000   0.0000   0.0000  -0.0000    0.141
 ---------------------------------------------------------------
