 ---------------------------------------------------------------
 Surface and Strip Forces by surface

  Forces referred to Sref, Cref, Bref about Xref, Yref, Zref
 Standard axis orientation,  X fwd, Z down         

  Surface # 1     main_wing                               
     # Chordwise =  4   # Spanwise = 20     First strip =  1
     Surface area =    8.662523       Ave. chord =    1.689634
     CLsurf  =   0.44840     Clsurf  =  -0.09120
     CYsurf  =  -0.06179     Cmsurf  =   0.00669
     CDsurf  =   0.02103     Cnsurf  =  -0.00359
     CDisurf =   0.02103     CDvsurf =   0.00000

  Forces referred to Ssurf, Cave about hinge axis thru LE
     CLsurf  =   0.89755     CDsurf  =   0.04169
     Deflect =

 Strip Forces referred to Strip Area, Chord
    j      Yle    Chord     Area     c cl      ai      cl_norm  cl       cd       cdv    cm_c/4    cm_LE  C.P.x/c
     1   0.0076   2.1929   0.0672   2.8001   0.1000   1.2782   1.2779   0.0437   0.0000  -0.1498  -0.4688    0.367
     2   0.0681   2.1809   0.1987   2.0767   0.0987   0.9514   0.9511   0.0537   0.0000  -0.1183  -0.3563    0.374
     3   0.1877   2.1571   0.3222   2.0220   0.0981   0.9365   0.9363   0.0529   0.0000  -0.1184  -0.3526    0.376
     4   0.3634   2.1222   0.4328   2.0074   0.0997   0.9449   0.9447   0.0547   0.0000  -0.1229  -0.3592    0.380
     5   0.5909   2.0770   0.5265   1.9907   0.1037   0.9585   0.9582   0.0439   0.0000  -0.1302  -0.3697    0.386
     6   0.8645   2.0227   0.6004   1.9786   0.1101   0.9776   0.9773   0.0521   0.0000  -0.1401  -0.3845    0.393
     7   1.1860   1.9589   0.6858   1.9434   0.1090   0.9918   0.9915   0.0492   0.0000  -0.1480  -0.3958    0.399
     8   1.5487   1.8868   0.7158   1.8755   0.0995   0.9939   0.9937   0.0468   0.0000  -0.1511  -0.3994    0.402
     9   1.9359   1.8100   0.7226   1.7830   0.0921   0.9851   0.9848   0.0454   0.0000  -0.1526  -0.3987    0.405
    10   2.3380   1.7301   0.7082   1.6796   0.0857   0.9710   0.9708   0.0419   0.0000  -0.1536  -0.3961    0.408
    11   2.7172   1.6548   0.5847   1.5740   0.0802   0.9516   0.9514   0.0381   0.0000  -0.1537  -0.3913    0.412
    12   3.0642   1.5859   0.5465   1.4644   0.0771   0.9240   0.9237   0.0363   0.0000  -0.1531  -0.3837    0.416
    13   3.3984   1.5195   0.4975   1.3496   0.0753   0.8887   0.8885   0.0348   0.0000  -0.1518  -0.3737    0.421
    14   3.7543   1.4488   0.5599   1.2212   0.0760   0.8433   0.8431   0.0339   0.0000  -0.1499  -0.3604    0.428
    15   4.1178   1.3766   0.4744   1.0758   0.0803   0.7819   0.7817   0.0312   0.0000  -0.1461  -0.3413    0.437
    16   4.4355   1.3135   0.3866   0.9130   0.0888   0.6951   0.6949   0.0318   0.0000  -0.1384  -0.3119    0.449
    17   4.6908   1.2629   0.2779   0.7457   0.1066   0.5902   0.5900   0.0311   0.0000  -0.1247  -0.2722    0.461
    18   4.8804   1.2252   0.1975   0.5627   0.1315   0.4586   0.4585   0.0288   0.0000  -0.1024  -0.2170    0.473
    19   5.0095   1.1996   0.1180   0.3534   0.1549   0.2939   0.2938   0.0212   0.0000  -0.0689  -0.1424    0.484
    20   5.0748   1.1866   0.0392   0.1208   0.1688   0.1015   0.1014   0.0085   0.0000  -0.0245  -0.0499    0.491

  Surface # 2     main_wing (YDUP)                        
     # Chordwise =  4   # Spanwise = 20     First strip = 21
     Surface area =    8.662523       Ave. chord =    1.689634
     CLsurf  =   0.44840     Clsurf  =   0.09120
     CYsurf  =   0.06179     Cmsurf  =   0.00669
     CDsurf  =   0.02103     Cnsurf  =   0.00359
     CDisurf =   0.02103     CDvsurf =   0.00000

  Forces referred to Ssurf, Cave about hinge axis thru LE
     CLsurf  =   0.89755     CDsurf  =   0.04169
     Deflect =

 Strip Forces referred to Strip Area, Chord
    j      Yle    Chord     Area     c cl      ai      cl_norm  cl       cd       cdv    cm_c/4    cm_LE  C.P.x/c
    21  -0.0076   2.1929   0.0672   2.8001   0.1000   1.2782   1.2779   0.0437   0.0000  -0.1498   0.4688    0.367
    22  -0.0681   2.1809   0.1987   2.0767   0.0987   0.9514   0.9511   0.0537   0.0000  -0.1183   0.3563    0.374
    23  -0.1877   2.1571   0.3222   2.0220   0.0981   0.9365   0.9363   0.0529   0.0000  -0.1184   0.3526    0.376
    24  -0.3634   2.1222   0.4328   2.0074   0.0997   0.9449   0.9447   0.0547   0.0000  -0.1229   0.3592    0.380
    25  -0.5909   2.0770   0.5265   1.9907   0.1037   0.9585   0.9582   0.0439   0.0000  -0.1302   0.3697    0.386
    26  -0.8645   2.0227   0.6004   1.9786   0.1101   0.9776   0.9773   0.0521   0.0000  -0.1401   0.3845    0.393
    27  -1.1860   1.9589   0.6858   1.9434   0.1090   0.9918   0.9915   0.0492   0.0000  -0.1480   0.3958    0.399
    28  -1.5487   1.8868   0.7158   1.8755   0.0995   0.9939   0.9937   0.0468   0.0000  -0.1511   0.3994    0.402
    29  -1.9359   1.8100   0.7226   1.7830   0.0921   0.9851   0.9848   0.0454   0.0000  -0.1526   0.3987    0.405
    30  -2.3380   1.7301   0.7082   1.6796   0.0857   0.9710   0.9708   0.0419   0.0000  -0.1536   0.3961    0.408
    31  -2.7172   1.6548   0.5847   1.5740   0.0802   0.9516   0.9514   0.0381   0.0000  -0.1537   0.3913    0.412
    32  -3.0642   1.5859   0.5465   1.4644   0.0771   0.9240   0.9237   0.0363   0.0000  -0.1531   0.3837    0.416
    33  -3.3984   1.5195   0.4975   1.3496   0.0753   0.8887   0.8885   0.0348   0.0000  -0.1518   0.3737    0.421
    34  -3.7543   1.4488   0.5599   1.2212   0.0760   0.8433   0.8431   0.0339   0.0000  -0.1499   0.3604    0.428
    35  -4.1178   1.3766   0.4744   1.0758   0.0803   0.7819   0.7817   0.0312   0.0000  -0.1461   0.3413    0.437
    36  -4.4355   1.3135   0.3866   0.9130   0.0888   0.6951   0.6949   0.0318   0.0000  -0.1384   0.3119    0.449
    37  -4.6908   1.2629   0.2779   0.7457   0.1066   0.5902   0.5900   0.0311   0.0000  -0.1247   0.2722    0.461
    38  -4.8804   1.2252   0.1975   0.5627   0.1315   0.4586   0.4585   0.0288   0.0000  -0.1024   0.2170    0.473
    39  -5.0095   1.1996   0.1180   0.3534   0.1549   0.2939   0.2938   0.0212   0.0000  -0.0689   0.1424    0.484
    40  -5.0748   1.1866   0.0392   0.1208   0.1688   0.1015   0.1014   0.0085   0.0000  -0.0245   0.0499    0.491

  Surface # 3     horizontal_stabilizer                   
     # Chordwise =  4   # Spanwise = 20     First strip = 41
     Surface area =    2.000000       Ave. chord =    1.000000
     CLsurf  =  -0.00248     Clsurf  =   0.00023
     CYsurf  =   0.00004     Cmsurf  =   0.00617
     CDsurf  =  -0.00023     Cnsurf  =  -0.00002
     CDisurf =  -0.00023     CDvsurf =   0.00000

  Forces referred to Ssurf, Cave about hinge axis thru LE
     CLsurf  =  -0.02131     CDsurf  =  -0.00200
     Deflect =

 Strip Forces referred to Strip Area, Chord
    j      Yle    Chord     Area     c cl      ai      cl_norm  cl       cd       cdv    cm_c/4    cm_LE  C.P.x/c
    41   0.0028   1.1970   0.0135  -0.0210   0.0916  -0.0175  -0.0175  -0.0014   0.0000  -0.0014   0.0029    0.168
    42   0.0254   1.1926   0.0401  -0.0210   0.0916  -0.0176  -0.0175  -0.0016   0.0000  -0.0014   0.0029    0.168
    43   0.0698   1.1838   0.0652  -0.0210   0.0915  -0.0177  -0.0177  -0.0016   0.0000  -0.0015   0.0030    0.167
    44   0.1388   1.1701   0.0969  -0.0212   0.0914  -0.0181  -0.0180  -0.0017   0.0000  -0.0015   0.0030    0.167
    45   0.2319   1.1517   0.1186  -0.0216   0.0912  -0.0187  -0.0187  -0.0017   0.0000  -0.0016   0.0031    0.166
    46   0.3440   1.1296   0.1361  -0.0223   0.0908  -0.0197  -0.0197  -0.0018   0.0000  -0.0017   0.0033    0.166
    47   0.4722   1.1043   0.1492  -0.0233   0.0902  -0.0211  -0.0210  -0.0020   0.0000  -0.0018   0.0035    0.166
    48   0.6135   1.0764   0.1576  -0.0244   0.0896  -0.0226  -0.0226  -0.0021   0.0000  -0.0019   0.0038    0.167
    49   0.7642   1.0466   0.1613  -0.0254   0.0890  -0.0242  -0.0241  -0.0023   0.0000  -0.0020   0.0040    0.167
    50   0.9207   1.0157   0.1605  -0.0259   0.0883  -0.0255  -0.0254  -0.0024   0.0000  -0.0021   0.0043    0.168
    51   1.0793   0.9843   0.1555  -0.0258   0.0877  -0.0262  -0.0261  -0.0025   0.0000  -0.0022   0.0044    0.167
    52   1.2358   0.9534   0.1469  -0.0249   0.0871  -0.0260  -0.0260  -0.0025   0.0000  -0.0022   0.0043    0.167
    53   1.3865   0.9236   0.1353  -0.0232   0.0865  -0.0250  -0.0250  -0.0024   0.0000  -0.0021   0.0041    0.164
    54   1.5278   0.8957   0.1211  -0.0208   0.0859  -0.0232  -0.0231  -0.0022   0.0000  -0.0021   0.0037    0.160
    55   1.6560   0.8704   0.1049  -0.0179   0.0853  -0.0205  -0.0205  -0.0019   0.0000  -0.0020   0.0031    0.153
    56   1.7681   0.8483   0.0873  -0.0147   0.0849  -0.0173  -0.0173  -0.0016   0.0000  -0.0018   0.0025    0.143
    57   1.8612   0.8299   0.0687  -0.0113   0.0845  -0.0137  -0.0136  -0.0013   0.0000  -0.0016   0.0018    0.131
    58   1.9302   0.8162   0.0450  -0.0080   0.0843  -0.0098  -0.0098  -0.0009   0.0000  -0.0013   0.0012    0.118
    59   1.9746   0.8074   0.0271  -0.0048   0.0841  -0.0059  -0.0059  -0.0005   0.0000  -0.0008   0.0006    0.108
    60   1.9972   0.8030   0.0091  -0.0016   0.0841  -0.0020  -0.0020  -0.0002   0.0000  -0.0003   0.0002    0.103

  Surface # 4     horizontal_stabilizer (YDUP)            
     # Chordwise =  4   # Spanwise = 20     First strip = 61
     Surface area =    2.000000       Ave. chord =    1.000000
     CLsurf  =  -0.00248     Clsurf  =  -0.00023
     CYsurf  =  -0.00004     Cmsurf  =   0.00617
     CDsurf  =  -0.00023     Cnsurf  =   0.00002
     CDisurf =  -0.00023     CDvsurf =   0.00000

  Forces referred to Ssurf, Cave about hinge axis thru LE
     CLsurf  =  -0.02131     CDsurf  =  -0.00200
     Deflect =

 Strip Forces referred to Strip Area, Chord
    j      Yle    Chord     Area     c cl      ai      cl_norm  cl       cd       cdv    cm_c/4    cm_LE  C.P.x/c
    61  -0.0028   1.1970   0.0135  -0.0210   0.0916  -0.0175  -0.0175  -0.0014   0.0000  -0.0014  -0.0029    0.168
    62  -0.0254   1.1926   0.0401  -0.0210   0.0915  -0.0176  -0.0175  -0.0016   0.0000  -0.0014  -0.0029    0.168
    63  -0.0698   1.1838   0.0652  -0.0210   0.0915  -0.0177  -0.0177  -0.0016   0.0000  -0.0015  -0.0030    0.167
    64  -0.1388   1.1701   0.0969  -0.0212   0.0914  -0.0181  -0.0180  -0.0017   0.0000  -0.0015  -0.0030    0.167
    65  -0.2319   1.1517   0.1186  -0.0216   0.0912  -0.0187  -0.0187  -0.0017   0.0000  -0.0016  -0.0031    0.166
    66  -0.3440   1.1296   0.1361  -0.0223   0.0908  -0.0197  -0.0197  -0.0018   0.0000  -0.0017  -0.0033    0.166
    67  -0.4722   1.1043   0.1492  -0.0233   0.0902  -0.0211  -0.0210  -0.0020   0.0000  -0.0018  -0.0035    0.166
    68  -0.6135   1.0764   0.1576  -0.0244   0.0896  -0.0226  -0.0226  -0.0021   0.0000  -0.0019  -0.0038    0.167
    69  -0.7642   1.0466   0.1613  -0.0254   0.0890  -0.0242  -0.0241  -0.0023   0.0000  -0.0020  -0.0040    0.167
    70  -0.9207   1.0157   0.1605  -0.0259   0.0883  -0.0255  -0.0254  -0.0024   0.0000  -0.0021  -0.0043    0.168
    71  -1.0793   0.9843   0.1555  -0.0258   0.0877  -0.0262  -0.0261  -0.0025   0.0000  -0.0022  -0.0044    0.167
    72  -1.2358   0.9534   0.1469  -0.0249   0.0871  -0.0260  -0.0260  -0.0025   0.0000  -0.0022  -0.0043    0.167
    73  -1.3865   0.9236   0.1353  -0.0232   0.0865  -0.0250  -0.0250  -0.0024   0.0000  -0.0021  -0.0041    0.164
    74  -1.5278   0.8957   0.1211  -0.0208   0.0859  -0.0232  -0.0231  -0.0022   0.0000  -0.0021  -0.0037    0.160
    75  -1.6560   0.8704   0.1049  -0.0179   0.0853  -0.0205  -0.0205  -0.0019   0.0000  -0.0020  -0.0031    0.153
    76  -1.7681   0.8483   0.0873  -0.0147   0.0849  -0.0173  -0.0173  -0.0016   0.0000  -0.0018  -0.0025    0.143
    77  -1.8612   0.8299   0.0687  -0.0113   0.0845  -0.0137  -0.0136  -0.0013   0.0000  -0.0016  -0.0018    0.131
    78  -1.9302   0.8162   0.0450  -0.0080   0.0843  -0.0098  -0.0098  -0.0009   0.0000  -0.0013  -0.0012    0.118
    79  -1.9746   0.8074   0.0271  -0.0048   0.0841  -0.0059  -0.0059  -0.0005   0.0000  -0.0008  -0.0006    0.108
    80  -1.9972   0.8030   0.0091  -0.0016   0.0841  -0.0020  -0.0020  -0.0002   0.0000  -0.0003  -0.0002    0.103

  Surface # 5     vertical_stabilizer                     
     # Chordwise =  4   # Spanwise = 20     First strip = 81
     Surface area =    1.336680       Ave. chord =    0.902187
     CLsurf  =   0.00000     Clsurf  =  -0.00000
     CYsurf  =  -0.00000     Cmsurf  =  -0.00000
     CDsurf  =  -0.00000     Cnsurf  =   0.00000
     CDisurf =  -0.00000     CDvsurf =   0.00000

  Forces referred to Ssurf, Cave about hinge axis thru LE
     CLsurf  =   0.00000     CDsurf  =  -0.00000
     Deflect =

 Strip Forces referred to Strip Area, Chord
    j      Yle    Chord     Area     c cl      ai      cl_norm  cl       cd       cdv    cm_c/4    cm_LE  C.P.x/c
    81   0.0000   1.2147   0.0206   0.0000   0.0000   0.0000   0.0000  -0.0000   0.0000   0.0000  -0.0000    0.156
    82   0.0000   1.2045   0.0371   0.0000  -0.0000   0.0000   0.0000   0.0000   0.0000   0.0000  -0.0000    0.237
    83   0.0000   1.1886   0.0523   0.0000  -0.0000   0.0000   0.0000   0.0000   0.0000   0.0000  -0.0000    0.142
    84   0.0000   1.1671   0.0658   0.0000   0.0000   0.0000   0.0000   0.0000   0.0000   0.0000  -0.0000    0.154
    85   0.0000   1.1382   0.0906   0.0000  -0.0000   0.0000   0.0000  -0.0000   0.0000   0.0000  -0.0000    0.247
    86   0.0000   1.1018   0.1003   0.0000  -0.0000   0.0000   0.0000  -0.0000   0.0000   0.0000  -0.0000    0.204
    87   0.0000   1.0610   0.1064   0.0000  -0.0000   0.0000   0.0000  -0.0000   0.0000  -0.0000  -0.0000    0.251
    88   0.0000   1.0166   0.1091   0.0000  -0.0000   0.0000   0.0000   0.0000   0.0000   0.0000  -0.0000    0.227
    89   0.0000   0.9698   0.1086   0.0000  -0.0000   0.0000   0.0000   0.0000   0.0000   0.0000  -0.0000    0.010
    90   0.0000   0.9216   0.1050   0.0000  -0.0000   0.0000   0.0000  -0.0000   0.0000   0.0000  -0.0000    0.212
    91   0.0000   0.8731   0.0989   0.0000  -0.0000   0.0000   0.0000  -0.0000   0.0000   0.0000  -0.0000    0.188
    92   0.0000   0.8255   0.0908   0.0000  -0.0000   0.0000   0.0000   0.0000   0.0000   0.0000  -0.0000    0.238
    93   0.0000   0.7798   0.0812   0.0000  -0.0000   0.0000   0.0000  -0.0000   0.0000  -0.0000  -0.0000    0.252
    94   0.0000   0.7371   0.0706   0.0000  -0.0000   0.0000   0.0000   0.0000   0.0000   0.0000  -0.0000    0.040
    95   0.0000   0.6985   0.0595   0.0000  -0.0000   0.0000   0.0000  -0.0000   0.0000   0.0000  -0.0000    0.231
    96   0.0000   0.6647   0.0483   0.0000   0.0000   0.0000   0.0000  -0.0000   0.0000  -0.0000  -0.0000    0.363
    97   0.0000   0.6356   0.0405   0.0000  -0.0000   0.0000   0.0000   0.0000   0.0000  -0.0000  -0.0000    0.256
    98   0.0000   0.6120   0.0285   0.0000  -0.0000   0.0000   0.0000  -0.0000   0.0000   0.0000  -0.0000    0.242
    99   0.0000   0.5960   0.0169   0.0000  -0.0000   0.0000   0.0000  -0.0000   0.0000   0.0000  -0.0000    0.112
   100   0.0000   0.5879   0.0056   0.0000  -0.0000   0.0000   0.0000  -0.0000   0.0000   0.0000  -0.0000    0.115
 ---------------------------------------------------------------
