 ---------------------------------------------------------------
 Surface and Strip Forces by surface

  Forces referred to Sref, Cref, Bref about Xref, Yref, Zref
 Standard axis orientation,  X fwd, Z down         

  Surface # 1     main_wing                               
     # Chordwise = 10   # Spanwise = 30     First strip =  1
     Surface area =    8.662745       Ave. chord =    1.689678
     CLsurf  =   0.74223     Clsurf  =  -0.14984
     CYsurf  =  -0.10869     Cmsurf  =  -0.08728
     CDsurf  =   0.05930     Cnsurf  =  -0.01113
     CDisurf =   0.05930     CDvsurf =   0.00000

  Forces referred to Ssurf, Cave about hinge axis thru LE
     CLsurf  =   1.48726     CDsurf  =   0.11759
     Deflect =

 Strip Forces referred to Strip Area, Chord
    j      Yle    Chord     Area     c cl      ai      cl_norm  cl       cd       cdv    cm_c/4    cm_LE  C.P.x/c
     1   0.0034   2.1937   0.0299   5.9680   0.1873   2.7126   2.7108   0.2905   0.0000  -0.2111  -0.8912    0.328
     2   0.0304   2.1884   0.0891   3.5637   0.1846   1.6250   1.6238   0.1671   0.0000  -0.1491  -0.5566    0.342
     3   0.0840   2.1777   0.1468   3.3842   0.1821   1.5522   1.5512   0.1505   0.0000  -0.1451  -0.5341    0.344
     4   0.1638   2.1619   0.2017   3.3446   0.1808   1.5457   1.5447   0.1474   0.0000  -0.1458  -0.5330    0.344
     5   0.2688   2.1410   0.2531   3.3095   0.1806   1.5457   1.5446   0.1400   0.0000  -0.1498  -0.5367    0.347
     6   0.3979   2.1154   0.3000   3.3454   0.1813   1.5785   1.5774   0.1597   0.0000  -0.1543  -0.5501    0.348
     7   0.5496   2.0852   0.3417   3.3366   0.1829   1.5984   1.5974   0.1538   0.0000  -0.1593  -0.5598    0.350
     8   0.7223   2.0509   0.3776   3.2804   0.1855   1.6011   1.6000   0.1349   0.0000  -0.1682  -0.5685    0.355
     9   0.9142   2.0128   0.4073   3.2513   0.1891   1.6175   1.6164   0.1334   0.0000  -0.1773  -0.5816    0.360
    10   1.1285   1.9703   0.4526   3.1889   0.1868   1.6209   1.6198   0.1327   0.0000  -0.1827  -0.5877    0.363
    11   1.3637   1.9236   0.4694   3.1380   0.1773   1.6341   1.6330   0.1316   0.0000  -0.1862  -0.5945    0.364
    12   1.6118   1.8743   0.4793   3.0576   0.1672   1.6350   1.6339   0.1262   0.0000  -0.1877  -0.5960    0.365
    13   1.8700   1.8230   0.4823   2.9560   0.1556   1.6252   1.6241   0.1252   0.0000  -0.1891  -0.5949    0.366
    14   2.1357   1.7703   0.4789   2.8555   0.1438   1.6175   1.6164   0.1201   0.0000  -0.1900  -0.5936    0.368
    15   2.4057   1.7167   0.4695   2.7458   0.1355   1.6045   1.6034   0.1157   0.0000  -0.1909  -0.5911    0.369
    16   2.6723   1.6637   0.4384   2.6354   0.1314   1.5899   1.5888   0.1093   0.0000  -0.1907  -0.5871    0.370
    17   2.9325   1.6120   0.4201   2.5008   0.1294   1.5567   1.5556   0.1094   0.0000  -0.1894  -0.5776    0.372
    18   3.1884   1.5612   0.3979   2.3839   0.1284   1.5332   1.5321   0.1021   0.0000  -0.1887  -0.5708    0.373
    19   3.4372   1.5118   0.3724   2.2436   0.1282   1.4903   1.4893   0.0984   0.0000  -0.1865  -0.5579    0.375
    20   3.6775   1.4641   0.3480   2.0980   0.1296   1.4384   1.4374   0.0985   0.0000  -0.1837  -0.5422    0.378
    21   3.9066   1.4186   0.3174   1.9478   0.1328   1.3779   1.3769   0.0966   0.0000  -0.1796  -0.5231    0.380
    22   4.1206   1.3761   0.2853   1.7876   0.1373   1.3031   1.3022   0.0943   0.0000  -0.1739  -0.4990    0.384
    23   4.3172   1.3370   0.2522   1.6253   0.1434   1.2192   1.2184   0.0892   0.0000  -0.1666  -0.4708    0.387
    24   4.4942   1.3019   0.2186   1.4497   0.1510   1.1162   1.1154   0.0852   0.0000  -0.1572  -0.4358    0.391
    25   4.6536   1.2702   0.1944   1.2675   0.1636   0.9993   0.9986   0.0815   0.0000  -0.1443  -0.3939    0.394
    26   4.7929   1.2426   0.1585   1.0649   0.1806   0.8569   0.8563   0.0781   0.0000  -0.1270  -0.3414    0.398
    27   4.9062   1.2201   0.1229   0.8511   0.1978   0.6967   0.6962   0.0682   0.0000  -0.1057  -0.2802    0.402
    28   4.9923   1.2030   0.0875   0.6211   0.2144   0.5150   0.5146   0.0543   0.0000  -0.0801  -0.2092    0.406
    29   5.0502   1.1915   0.0524   0.3791   0.2292   0.3170   0.3168   0.0355   0.0000  -0.0503  -0.1299    0.409
    30   5.0794   1.1857   0.0174   0.1280   0.2387   0.1074   0.1074   0.0126   0.0000  -0.0172  -0.0443    0.411

  Surface # 2     main_wing (YDUP)                        
     # Chordwise = 10   # Spanwise = 30     First strip = 31
     Surface area =    8.662745       Ave. chord =    1.689678
     CLsurf  =   0.74223     Clsurf  =   0.14984
     CYsurf  =   0.10869     Cmsurf  =  -0.08728
     CDsurf  =   0.05930     Cnsurf  =   0.01113
     CDisurf =   0.05930     CDvsurf =   0.00000

  Forces referred to Ssurf, Cave about hinge axis thru LE
     CLsurf  =   1.48726     CDsurf  =   0.11759
     Deflect =

 Strip Forces referred to Strip Area, Chord
    j      Yle    Chord     Area     c cl      ai      cl_norm  cl       cd       cdv    cm_c/4    cm_LE  C.P.x/c
    31  -0.0034   2.1937   0.0299   5.9680   0.1873   2.7126   2.7108   0.2905   0.0000  -0.2111   0.8912    0.328
    32  -0.0304   2.1884   0.0891   3.5637   0.1846   1.6250   1.6238   0.1671   0.0000  -0.1491   0.5566    0.342
    33  -0.0840   2.1777   0.1468   3.3842   0.1821   1.5522   1.5512   0.1505   0.0000  -0.1451   0.5341    0.344
    34  -0.1638   2.1619   0.2017   3.3446   0.1808   1.5457   1.5447   0.1474   0.0000  -0.1458   0.5330    0.344
    35  -0.2688   2.1410   0.2531   3.3095   0.1806   1.5457   1.5446   0.1400   0.0000  -0.1498   0.5367    0.347
    36  -0.3979   2.1154   0.3000   3.3454   0.1813   1.5785   1.5774   0.1597   0.0000  -0.1543   0.5501    0.348
    37  -0.5496   2.0852   0.3417   3.3366   0.1829   1.5984   1.5974   0.1538   0.0000  -0.1593   0.5598    0.350
    38  -0.7223   2.0509   0.3776   3.2804   0.1855   1.6011   1.6000   0.1349   0.0000  -0.1682   0.5685    0.355
    39  -0.9142   2.0128   0.4073   3.2513   0.1891   1.6175   1.6164   0.1334   0.0000  -0.1773   0.5816    0.360
    40  -1.1285   1.9703   0.4526   3.1889   0.1868   1.6209   1.6198   0.1327   0.0000  -0.1827   0.5877    0.363
    41  -1.3637   1.9236   0.4694   3.1380   0.1773   1.6341   1.6330   0.1316   0.0000  -0.1862   0.5945    0.364
    42  -1.6118   1.8743   0.4793   3.0576   0.1672   1.6350   1.6339   0.1262   0.0000  -0.1877   0.5960    0.365
    43  -1.8700   1.8230   0.4823   2.9560   0.1556   1.6252   1.6241   0.1252   0.0000  -0.1891   0.5949    0.366
    44  -2.1357   1.7703   0.4789   2.8555   0.1438   1.6175   1.6164   0.1201   0.0000  -0.1900   0.5936    0.368
    45  -2.4057   1.7167   0.4695   2.7458   0.1355   1.6045   1.6034   0.1157   0.0000  -0.1909   0.5911    0.369
    46  -2.6723   1.6637   0.4384   2.6353   0.1314   1.5899   1.5888   0.1093   0.0000  -0.1907   0.5871    0.370
    47  -2.9325   1.6120   0.4201   2.5008   0.1294   1.5567   1.5556   0.1094   0.0000  -0.1894   0.5776    0.372
    48  -3.1884   1.5612   0.3979   2.3839   0.1284   1.5332   1.5321   0.1021   0.0000  -0.1887   0.5708    0.373
    49  -3.4372   1.5118   0.3724   2.2436   0.1282   1.4903   1.4893   0.0984   0.0000  -0.1865   0.5579    0.375
    50  -3.6775   1.4641   0.3480   2.0980   0.1296   1.4384   1.4374   0.0985   0.0000  -0.1837   0.5422    0.378
    51  -3.9066   1.4186   0.3174   1.9478   0.1328   1.3779   1.3769   0.0966   0.0000  -0.1796   0.5231    0.380
    52  -4.1206   1.3761   0.2853   1.7876   0.1373   1.3031   1.3022   0.0943   0.0000  -0.1739   0.4990    0.384
    53  -4.3172   1.3370   0.2522   1.6253   0.1434   1.2192   1.2184   0.0892   0.0000  -0.1666   0.4708    0.387
    54  -4.4942   1.3019   0.2186   1.4497   0.1510   1.1162   1.1154   0.0852   0.0000  -0.1572   0.4358    0.391
    55  -4.6536   1.2702   0.1944   1.2675   0.1636   0.9993   0.9986   0.0815   0.0000  -0.1443   0.3939    0.394
    56  -4.7929   1.2426   0.1585   1.0649   0.1806   0.8569   0.8563   0.0781   0.0000  -0.1270   0.3414    0.398
    57  -4.9062   1.2201   0.1229   0.8511   0.1978   0.6967   0.6962   0.0682   0.0000  -0.1057   0.2802    0.402
    58  -4.9923   1.2030   0.0875   0.6211   0.2144   0.5150   0.5146   0.0543   0.0000  -0.0801   0.2092    0.406
    59  -5.0502   1.1915   0.0524   0.3791   0.2292   0.3170   0.3168   0.0355   0.0000  -0.0503   0.1299    0.409
    60  -5.0794   1.1857   0.0174   0.1280   0.2387   0.1074   0.1074   0.0126   0.0000  -0.0172   0.0443    0.411

  Surface # 3     horizontal_stabilizer                   
     # Chordwise = 10   # Spanwise = 30     First strip = 61
     Surface area =    2.000000       Ave. chord =    1.000000
     CLsurf  =   0.01347     Clsurf  =  -0.00113
     CYsurf  =  -0.00034     Cmsurf  =  -0.03686
     CDsurf  =   0.00215     Cnsurf  =   0.00015
     CDisurf =   0.00215     CDvsurf =   0.00000

  Forces referred to Ssurf, Cave about hinge axis thru LE
     CLsurf  =   0.11567     CDsurf  =   0.01848
     Deflect =

 Strip Forces referred to Strip Area, Chord
    j      Yle    Chord     Area     c cl      ai      cl_norm  cl       cd       cdv    cm_c/4    cm_LE  C.P.x/c
    61   0.0016   1.1973   0.0076   0.1575   0.1745   0.1291   0.1288   0.0273   0.0000  -0.0003  -0.0330    0.252
    62   0.0142   1.1948   0.0226   0.1575   0.1744   0.1305   0.1301   0.0214   0.0000  -0.0003  -0.0330    0.252
    63   0.0394   1.1898   0.0373   0.1574   0.1742   0.1310   0.1306   0.0210   0.0000  -0.0002  -0.0331    0.252
    64   0.0768   1.1824   0.0513   0.1572   0.1740   0.1317   0.1313   0.0210   0.0000  -0.0001  -0.0332    0.251
    65   0.1222   1.1734   0.0549   0.1567   0.1737   0.1323   0.1319   0.0210   0.0000   0.0000  -0.0332    0.250
    66   0.1738   1.1632   0.0653   0.1560   0.1734   0.1329   0.1325   0.0210   0.0000   0.0001  -0.0332    0.249
    67   0.2344   1.1513   0.0747   0.1551   0.1729   0.1334   0.1330   0.0211   0.0000   0.0002  -0.0333    0.248
    68   0.3034   1.1376   0.0830   0.1533   0.1723   0.1335   0.1331   0.0211   0.0000   0.0003  -0.0333    0.248
    69   0.3800   1.1225   0.0900   0.1512   0.1717   0.1334   0.1330   0.0211   0.0000   0.0003  -0.0332    0.248
    70   0.4634   1.1060   0.0957   0.1485   0.1709   0.1330   0.1326   0.0210   0.0000   0.0003  -0.0331    0.248
    71   0.5527   1.0884   0.1000   0.1453   0.1701   0.1322   0.1318   0.0210   0.0000   0.0003  -0.0329    0.248
    72   0.6469   1.0697   0.1030   0.1415   0.1692   0.1310   0.1307   0.0208   0.0000   0.0003  -0.0326    0.248
    73   0.7450   1.0504   0.1046   0.1373   0.1684   0.1295   0.1291   0.0206   0.0000   0.0003  -0.0322    0.248
    74   0.8459   1.0304   0.1050   0.1327   0.1677   0.1276   0.1272   0.0203   0.0000   0.0003  -0.0317    0.247
    75   0.9484   1.0102   0.1040   0.1278   0.1671   0.1253   0.1249   0.0199   0.0000   0.0004  -0.0310    0.247
    76   1.0516   0.9898   0.1019   0.1226   0.1665   0.1227   0.1223   0.0196   0.0000   0.0005  -0.0303    0.246
    77   1.1541   0.9696   0.0987   0.1172   0.1661   0.1197   0.1193   0.0191   0.0000   0.0007  -0.0293    0.244
    78   1.2550   0.9496   0.0946   0.1115   0.1657   0.1163   0.1159   0.0186   0.0000   0.0009  -0.0282    0.242
    79   1.3531   0.9303   0.0896   0.1055   0.1655   0.1124   0.1120   0.0180   0.0000   0.0012  -0.0270    0.239
    80   1.4473   0.9116   0.0838   0.0992   0.1653   0.1078   0.1075   0.0172   0.0000   0.0016  -0.0255    0.235
    81   1.5366   0.8940   0.0773   0.0925   0.1652   0.1025   0.1022   0.0164   0.0000   0.0019  -0.0238    0.231
    82   1.6200   0.8775   0.0703   0.0854   0.1653   0.0964   0.0961   0.0154   0.0000   0.0023  -0.0219    0.226
    83   1.6966   0.8624   0.0629   0.0777   0.1654   0.0892   0.0890   0.0143   0.0000   0.0026  -0.0198    0.221
    84   1.7656   0.8487   0.0551   0.0695   0.1655   0.0811   0.0808   0.0129   0.0000   0.0028  -0.0175    0.215
    85   1.8262   0.8368   0.0470   0.0607   0.1657   0.0719   0.0717   0.0115   0.0000   0.0029  -0.0151    0.209
    86   1.8778   0.8266   0.0387   0.0515   0.1660   0.0617   0.0615   0.0099   0.0000   0.0029  -0.0126    0.203
    87   1.9232   0.8176   0.0355   0.0414   0.1662   0.0501   0.0500   0.0080   0.0000   0.0027  -0.0099    0.196
    88   1.9606   0.8102   0.0254   0.0301   0.1665   0.0367   0.0366   0.0059   0.0000   0.0022  -0.0071    0.191
    89   1.9858   0.8052   0.0153   0.0182   0.1667   0.0224   0.0224   0.0036   0.0000   0.0014  -0.0042    0.186
    90   1.9984   0.8027   0.0051   0.0061   0.1668   0.0075   0.0075   0.0012   0.0000   0.0005  -0.0014    0.184

  Surface # 4     horizontal_stabilizer (YDUP)            
     # Chordwise = 10   # Spanwise = 30     First strip = 91
     Surface area =    2.000000       Ave. chord =    1.000000
     CLsurf  =   0.01347     Clsurf  =   0.00113
     CYsurf  =   0.00034     Cmsurf  =  -0.03686
     CDsurf  =   0.00215     Cnsurf  =  -0.00015
     CDisurf =   0.00215     CDvsurf =   0.00000

  Forces referred to Ssurf, Cave about hinge axis thru LE
     CLsurf  =   0.11566     CDsurf  =   0.01848
     Deflect =

 Strip Forces referred to Strip Area, Chord
    j      Yle    Chord     Area     c cl      ai      cl_norm  cl       cd       cdv    cm_c/4    cm_LE  C.P.x/c
    91  -0.0016   1.1973   0.0076   0.1575   0.1745   0.1291   0.1288   0.0273   0.0000  -0.0003   0.0330    0.252
    92  -0.0142   1.1948   0.0226   0.1575   0.1744   0.1305   0.1301   0.0214   0.0000  -0.0003   0.0330    0.252
    93  -0.0394   1.1898   0.0373   0.1574   0.1742   0.1310   0.1306   0.0210   0.0000  -0.0002   0.0331    0.252
    94  -0.0768   1.1824   0.0513   0.1572   0.1740   0.1317   0.1313   0.0210   0.0000  -0.0001   0.0332    0.251
    95  -0.1222   1.1734   0.0549   0.1567   0.1737   0.1323   0.1319   0.0210   0.0000   0.0000   0.0332    0.250
    96  -0.1738   1.1632   0.0653   0.1560   0.1734   0.1329   0.1325   0.0210   0.0000   0.0001   0.0332    0.249
    97  -0.2344   1.1513   0.0747   0.1551   0.1729   0.1334   0.1330   0.0211   0.0000   0.0002   0.0333    0.248
    98  -0.3034   1.1376   0.0830   0.1533   0.1723   0.1335   0.1331   0.0211   0.0000   0.0003   0.0333    0.248
    99  -0.3800   1.1225   0.0900   0.1512   0.1717   0.1334   0.1330   0.0211   0.0000   0.0003   0.0332    0.248
   100  -0.4634   1.1060   0.0957   0.1485   0.1709   0.1330   0.1326   0.0210   0.0000   0.0003   0.0331    0.248
   101  -0.5527   1.0884   0.1000   0.1453   0.1701   0.1322   0.1318   0.0210   0.0000   0.0003   0.0329    0.248
   102  -0.6469   1.0697   0.1030   0.1415   0.1692   0.1310   0.1307   0.0208   0.0000   0.0003   0.0326    0.248
   103  -0.7450   1.0504   0.1046   0.1373   0.1684   0.1295   0.1291   0.0206   0.0000   0.0003   0.0322    0.248
   104  -0.8459   1.0304   0.1050   0.1327   0.1677   0.1276   0.1272   0.0203   0.0000   0.0003   0.0317    0.247
   105  -0.9484   1.0102   0.1040   0.1278   0.1671   0.1253   0.1249   0.0199   0.0000   0.0004   0.0310    0.247
   106  -1.0516   0.9898   0.1019   0.1226   0.1665   0.1227   0.1223   0.0196   0.0000   0.0005   0.0303    0.246
   107  -1.1541   0.9696   0.0987   0.1172   0.1661   0.1197   0.1193   0.0191   0.0000   0.0007   0.0293    0.244
   108  -1.2550   0.9496   0.0946   0.1115   0.1657   0.1163   0.1159   0.0186   0.0000   0.0009   0.0282    0.242
   109  -1.3531   0.9303   0.0896   0.1055   0.1655   0.1124   0.1120   0.0180   0.0000   0.0012   0.0270    0.239
   110  -1.4473   0.9116   0.0838   0.0992   0.1653   0.1078   0.1075   0.0172   0.0000   0.0016   0.0255    0.235
   111  -1.5366   0.8940   0.0773   0.0925   0.1652   0.1025   0.1022   0.0164   0.0000   0.0019   0.0238    0.231
   112  -1.6200   0.8775   0.0703   0.0854   0.1653   0.0964   0.0961   0.0154   0.0000   0.0023   0.0219    0.226
   113  -1.6966   0.8624   0.0629   0.0777   0.1654   0.0892   0.0890   0.0143   0.0000   0.0026   0.0198    0.221
   114  -1.7656   0.8487   0.0551   0.0695   0.1655   0.0811   0.0808   0.0129   0.0000   0.0028   0.0175    0.215
   115  -1.8262   0.8368   0.0470   0.0607   0.1657   0.0719   0.0717   0.0115   0.0000   0.0029   0.0151    0.209
   116  -1.8778   0.8266   0.0387   0.0515   0.1660   0.0617   0.0615   0.0099   0.0000   0.0029   0.0126    0.203
   117  -1.9232   0.8176   0.0355   0.0414   0.1662   0.0501   0.0500   0.0080   0.0000   0.0027   0.0099    0.196
   118  -1.9606   0.8102   0.0254   0.0301   0.1665   0.0367   0.0366   0.0059   0.0000   0.0022   0.0071    0.191
   119  -1.9858   0.8052   0.0153   0.0182   0.1667   0.0224   0.0224   0.0036   0.0000   0.0014   0.0042    0.186
   120  -1.9984   0.8027   0.0051   0.0061   0.1668   0.0075   0.0075   0.0012   0.0000   0.0005   0.0014    0.184

  Surface # 5     vertical_stabilizer                     
     # Chordwise = 10   # Spanwise = 30     First strip =121
     Surface area =    1.336749       Ave. chord =    0.902233
     CLsurf  =   0.00000     Clsurf  =   0.00000
     CYsurf  =   0.00000     Cmsurf  =  -0.00000
     CDsurf  =  -0.00000     Cnsurf  =  -0.00000
     CDisurf =  -0.00000     CDvsurf =   0.00000

  Forces referred to Ssurf, Cave about hinge axis thru LE
     CLsurf  =  -0.00000     CDsurf  =  -0.00000
     Deflect =

 Strip Forces referred to Strip Area, Chord
    j      Yle    Chord     Area     c cl      ai      cl_norm  cl       cd       cdv    cm_c/4    cm_LE  C.P.x/c
   121   0.0000   1.2152   0.0161  -0.0000   0.0000  -0.0000  -0.0000   0.0000   0.0000  -0.0000   0.0000    0.171
   122   0.0000   1.2078   0.0261  -0.0000  -0.0000  -0.0000  -0.0000   0.0000   0.0000  -0.0000   0.0000    0.180
   123   0.0000   1.1968   0.0358  -0.0000   0.0000  -0.0000  -0.0000  -0.0000   0.0000  -0.0000   0.0000    0.189
   124   0.0000   1.1824   0.0448  -0.0000  -0.0000  -0.0000  -0.0000  -0.0000   0.0000  -0.0000   0.0000    0.189
   125   0.0000   1.1646   0.0530  -0.0000  -0.0000  -0.0000  -0.0000  -0.0000   0.0000  -0.0000   0.0000    0.191
   126   0.0000   1.1454   0.0506  -0.0000   0.0000  -0.0000  -0.0000  -0.0000   0.0000  -0.0000   0.0000    0.197
   127   0.0000   1.1254   0.0560  -0.0000   0.0000  -0.0000  -0.0000  -0.0000   0.0000  -0.0000   0.0000    0.190
   128   0.0000   1.1031   0.0606  -0.0000   0.0000  -0.0000  -0.0000  -0.0000   0.0000  -0.0000   0.0000    0.195
   129   0.0000   1.0787   0.0642  -0.0000   0.0000  -0.0000  -0.0000   0.0000   0.0000  -0.0000   0.0000    0.208
   130   0.0000   1.0525   0.0669  -0.0000  -0.0000  -0.0000  -0.0000  -0.0000   0.0000  -0.0000   0.0000    0.211
   131   0.0000   1.0247   0.0685  -0.0000  -0.0000  -0.0000  -0.0000  -0.0000   0.0000  -0.0000   0.0000    0.210
   132   0.0000   0.9956   0.0692  -0.0000   0.0000  -0.0000  -0.0000  -0.0000   0.0000  -0.0000   0.0000    0.212
   133   0.0000   0.9655   0.0690  -0.0000  -0.0000  -0.0000  -0.0000  -0.0000   0.0000  -0.0000   0.0000    0.213
   134   0.0000   0.9348   0.0680  -0.0000   0.0000  -0.0000  -0.0000  -0.0000   0.0000  -0.0000   0.0000    0.216
   135   0.0000   0.9037   0.0662  -0.0000   0.0000  -0.0000  -0.0000  -0.0000   0.0000  -0.0000   0.0000    0.215
   136   0.0000   0.8726   0.0636  -0.0000  -0.0000  -0.0000  -0.0000  -0.0000   0.0000  -0.0000   0.0000    0.215
   137   0.0000   0.8417   0.0605  -0.0000  -0.0000  -0.0000  -0.0000  -0.0000   0.0000  -0.0000   0.0000    0.215
   138   0.0000   0.8114   0.0569  -0.0000  -0.0000  -0.0000  -0.0000  -0.0000   0.0000  -0.0000   0.0000    0.209
   139   0.0000   0.7821   0.0529  -0.0000   0.0000  -0.0000  -0.0000  -0.0000   0.0000  -0.0000   0.0000    0.202
   140   0.0000   0.7540   0.0485  -0.0000   0.0000  -0.0000  -0.0000  -0.0000   0.0000  -0.0000   0.0000    0.201
   141   0.0000   0.7274   0.0440  -0.0000  -0.0000  -0.0000  -0.0000  -0.0000   0.0000  -0.0000   0.0000    0.198
   142   0.0000   0.7025   0.0393  -0.0000   0.0000  -0.0000  -0.0000  -0.0000   0.0000  -0.0000   0.0000    0.190
   143   0.0000   0.6798   0.0346  -0.0000   0.0000  -0.0000  -0.0000  -0.0000   0.0000  -0.0000   0.0000    0.183
   144   0.0000   0.6593   0.0298  -0.0000   0.0000  -0.0000  -0.0000  -0.0000   0.0000  -0.0000   0.0000    0.175
   145   0.0000   0.6402   0.0283  -0.0000  -0.0000  -0.0000  -0.0000  -0.0000   0.0000  -0.0000   0.0000    0.173
   146   0.0000   0.6229   0.0230  -0.0000   0.0000  -0.0000  -0.0000  -0.0000   0.0000  -0.0000   0.0000    0.165
   147   0.0000   0.6088   0.0177  -0.0000   0.0000  -0.0000  -0.0000  -0.0000   0.0000  -0.0000   0.0000    0.157
   148   0.0000   0.5981   0.0126  -0.0000   0.0000  -0.0000  -0.0000  -0.0000   0.0000  -0.0000   0.0000    0.152
   149   0.0000   0.5910   0.0075  -0.0000   0.0000  -0.0000  -0.0000  -0.0000   0.0000  -0.0000   0.0000    0.147
   150   0.0000   0.5874   0.0025  -0.0000  -0.0000  -0.0000  -0.0000  -0.0000   0.0000  -0.0000   0.0000    0.142
 ---------------------------------------------------------------
