 ---------------------------------------------------------------
 Surface and Strip Forces by surface

  Forces referred to Sref, Cref, Bref about Xref, Yref, Zref
 Standard axis orientation,  X fwd, Z down         

  Surface # 1     main_wing                               
     # Chordwise = 10   # Spanwise = 30     First strip =  1
     Surface area =    8.662745       Ave. chord =    1.689678
     CLsurf  =   0.54973     Clsurf  =  -0.11178
     CYsurf  =  -0.07721     Cmsurf  =  -0.07988
     CDsurf  =   0.03244     Cnsurf  =  -0.00474
     CDisurf =   0.03244     CDvsurf =   0.00000

  Forces referred to Ssurf, Cave about hinge axis thru LE
     CLsurf  =   1.10071     CDsurf  =   0.06432
     Deflect =

 Strip Forces referred to Strip Area, Chord
    j      Yle    Chord     Area     c cl      ai      cl_norm  cl       cd       cdv    cm_c/4    cm_LE  C.P.x/c
     1   0.0034   2.1937   0.0299   3.7023   0.1340   1.6887   1.6881   0.0988   0.0000  -0.1723  -0.5940    0.352
     2   0.0304   2.1884   0.0891   2.5770   0.1314   1.1761   1.1757   0.0868   0.0000  -0.1300  -0.4244    0.361
     3   0.0840   2.1777   0.1468   2.4944   0.1293   1.1443   1.1439   0.0820   0.0000  -0.1276  -0.4140    0.362
     4   0.1638   2.1619   0.2017   2.4753   0.1285   1.1441   1.1437   0.0797   0.0000  -0.1291  -0.4153    0.363
     5   0.2688   2.1410   0.2531   2.4593   0.1287   1.1484   1.1480   0.0751   0.0000  -0.1320  -0.4191    0.365
     6   0.3979   2.1154   0.3000   2.4794   0.1299   1.1704   1.1699   0.0887   0.0000  -0.1363  -0.4294    0.367
     7   0.5496   2.0852   0.3417   2.4661   0.1321   1.1814   1.1810   0.0851   0.0000  -0.1419  -0.4376    0.370
     8   0.7223   2.0509   0.3776   2.4312   0.1352   1.1857   1.1853   0.0730   0.0000  -0.1498  -0.4462    0.376
     9   0.9142   2.0128   0.4073   2.4193   0.1396   1.2016   1.2012   0.0788   0.0000  -0.1557  -0.4561    0.380
    10   1.1285   1.9703   0.4526   2.3686   0.1382   1.2025   1.2020   0.0738   0.0000  -0.1610  -0.4615    0.384
    11   1.3637   1.9236   0.4694   2.3373   0.1303   1.2156   1.2151   0.0732   0.0000  -0.1645  -0.4683    0.385
    12   1.6118   1.8743   0.4793   2.2752   0.1226   1.2147   1.2143   0.0701   0.0000  -0.1664  -0.4698    0.387
    13   1.8700   1.8230   0.4823   2.1979   0.1148   1.2066   1.2061   0.0692   0.0000  -0.1673  -0.4687    0.389
    14   2.1357   1.7703   0.4789   2.1210   0.1072   1.1994   1.1989   0.0659   0.0000  -0.1682  -0.4677    0.390
    15   2.4057   1.7167   0.4695   2.0360   0.1011   1.1875   1.1871   0.0628   0.0000  -0.1687  -0.4652    0.392
    16   2.6723   1.6637   0.4384   1.9502   0.0971   1.1742   1.1737   0.0584   0.0000  -0.1689  -0.4619    0.394
    17   2.9325   1.6120   0.4201   1.8500   0.0948   1.1493   1.1488   0.0590   0.0000  -0.1681  -0.4550    0.396
    18   3.1884   1.5612   0.3979   1.7584   0.0933   1.1284   1.1280   0.0547   0.0000  -0.1678  -0.4493    0.399
    19   3.4372   1.5118   0.3724   1.6565   0.0927   1.0978   1.0974   0.0521   0.0000  -0.1666  -0.4405    0.402
    20   3.6775   1.4641   0.3480   1.5503   0.0936   1.0607   1.0603   0.0520   0.0000  -0.1647  -0.4294    0.405
    21   3.9066   1.4186   0.3174   1.4385   0.0961   1.0156   1.0152   0.0518   0.0000  -0.1620  -0.4154    0.410
    22   4.1206   1.3761   0.2853   1.3238   0.1000   0.9633   0.9629   0.0507   0.0000  -0.1582  -0.3986    0.414
    23   4.3172   1.3370   0.2522   1.2058   0.1055   0.9030   0.9026   0.0483   0.0000  -0.1531  -0.3785    0.420
    24   4.4942   1.3019   0.2186   1.0795   0.1126   0.8299   0.8296   0.0467   0.0000  -0.1458  -0.3530    0.426
    25   4.6536   1.2702   0.1944   0.9470   0.1249   0.7457   0.7455   0.0458   0.0000  -0.1356  -0.3219    0.432
    26   4.7929   1.2426   0.1585   0.8011   0.1419   0.6442   0.6440   0.0450   0.0000  -0.1211  -0.2822    0.438
    27   4.9062   1.2201   0.1229   0.6434   0.1592   0.5265   0.5263   0.0407   0.0000  -0.1022  -0.2340    0.444
    28   4.9923   1.2030   0.0875   0.4722   0.1762   0.3916   0.3915   0.0326   0.0000  -0.0786  -0.1766    0.451
    29   5.0502   1.1915   0.0524   0.2896   0.1917   0.2423   0.2422   0.0216   0.0000  -0.0499  -0.1107    0.456
    30   5.0794   1.1857   0.0174   0.0980   0.2019   0.0823   0.0823   0.0078   0.0000  -0.0172  -0.0379    0.460

  Surface # 2     main_wing (YDUP)                        
     # Chordwise = 10   # Spanwise = 30     First strip = 31
     Surface area =    8.662745       Ave. chord =    1.689678
     CLsurf  =   0.54973     Clsurf  =   0.11178
     CYsurf  =   0.07721     Cmsurf  =  -0.07988
     CDsurf  =   0.03244     Cnsurf  =   0.00474
     CDisurf =   0.03244     CDvsurf =   0.00000

  Forces referred to Ssurf, Cave about hinge axis thru LE
     CLsurf  =   1.10071     CDsurf  =   0.06432
     Deflect =

 Strip Forces referred to Strip Area, Chord
    j      Yle    Chord     Area     c cl      ai      cl_norm  cl       cd       cdv    cm_c/4    cm_LE  C.P.x/c
    31  -0.0034   2.1937   0.0299   3.7023   0.1340   1.6887   1.6881   0.0988   0.0000  -0.1723   0.5940    0.352
    32  -0.0304   2.1884   0.0891   2.5770   0.1314   1.1761   1.1757   0.0868   0.0000  -0.1300   0.4244    0.361
    33  -0.0840   2.1777   0.1468   2.4944   0.1293   1.1443   1.1439   0.0820   0.0000  -0.1276   0.4140    0.362
    34  -0.1638   2.1619   0.2017   2.4753   0.1285   1.1441   1.1437   0.0797   0.0000  -0.1291   0.4153    0.363
    35  -0.2688   2.1410   0.2531   2.4593   0.1287   1.1484   1.1480   0.0751   0.0000  -0.1320   0.4191    0.365
    36  -0.3979   2.1154   0.3000   2.4794   0.1299   1.1704   1.1699   0.0887   0.0000  -0.1363   0.4294    0.367
    37  -0.5496   2.0852   0.3417   2.4661   0.1321   1.1814   1.1810   0.0851   0.0000  -0.1419   0.4376    0.370
    38  -0.7223   2.0509   0.3776   2.4312   0.1352   1.1857   1.1853   0.0730   0.0000  -0.1498   0.4462    0.376
    39  -0.9142   2.0128   0.4073   2.4193   0.1396   1.2016   1.2012   0.0788   0.0000  -0.1557   0.4561    0.380
    40  -1.1285   1.9703   0.4526   2.3686   0.1382   1.2025   1.2020   0.0738   0.0000  -0.1610   0.4615    0.384
    41  -1.3637   1.9236   0.4694   2.3373   0.1303   1.2156   1.2151   0.0732   0.0000  -0.1645   0.4683    0.385
    42  -1.6118   1.8743   0.4793   2.2752   0.1226   1.2147   1.2143   0.0701   0.0000  -0.1664   0.4698    0.387
    43  -1.8700   1.8230   0.4823   2.1979   0.1148   1.2066   1.2061   0.0692   0.0000  -0.1673   0.4687    0.389
    44  -2.1357   1.7703   0.4789   2.1210   0.1072   1.1994   1.1989   0.0659   0.0000  -0.1682   0.4677    0.390
    45  -2.4057   1.7167   0.4695   2.0359   0.1011   1.1875   1.1871   0.0628   0.0000  -0.1687   0.4652    0.392
    46  -2.6723   1.6637   0.4384   1.9502   0.0971   1.1742   1.1737   0.0584   0.0000  -0.1689   0.4619    0.394
    47  -2.9325   1.6120   0.4201   1.8500   0.0948   1.1493   1.1488   0.0590   0.0000  -0.1681   0.4550    0.396
    48  -3.1884   1.5612   0.3979   1.7584   0.0933   1.1284   1.1280   0.0547   0.0000  -0.1678   0.4493    0.399
    49  -3.4372   1.5118   0.3724   1.6564   0.0927   1.0978   1.0974   0.0521   0.0000  -0.1666   0.4405    0.402
    50  -3.6775   1.4641   0.3480   1.5503   0.0936   1.0607   1.0603   0.0520   0.0000  -0.1647   0.4294    0.405
    51  -3.9066   1.4186   0.3174   1.4385   0.0961   1.0156   1.0152   0.0518   0.0000  -0.1620   0.4154    0.410
    52  -4.1206   1.3761   0.2853   1.3238   0.1000   0.9633   0.9629   0.0507   0.0000  -0.1582   0.3986    0.414
    53  -4.3172   1.3370   0.2522   1.2058   0.1055   0.9030   0.9026   0.0483   0.0000  -0.1531   0.3785    0.420
    54  -4.4942   1.3019   0.2186   1.0795   0.1126   0.8299   0.8296   0.0467   0.0000  -0.1458   0.3530    0.426
    55  -4.6536   1.2702   0.1944   0.9470   0.1249   0.7457   0.7455   0.0458   0.0000  -0.1356   0.3219    0.432
    56  -4.7929   1.2426   0.1585   0.8011   0.1419   0.6442   0.6440   0.0450   0.0000  -0.1211   0.2822    0.438
    57  -4.9062   1.2201   0.1229   0.6434   0.1592   0.5265   0.5263   0.0407   0.0000  -0.1022   0.2340    0.444
    58  -4.9923   1.2030   0.0875   0.4722   0.1762   0.3916   0.3915   0.0326   0.0000  -0.0786   0.1766    0.451
    59  -5.0502   1.1915   0.0524   0.2896   0.1917   0.2423   0.2422   0.0216   0.0000  -0.0499   0.1107    0.456
    60  -5.0794   1.1857   0.0174   0.0980   0.2019   0.0823   0.0823   0.0078   0.0000  -0.0172   0.0379    0.460

  Surface # 3     horizontal_stabilizer                   
     # Chordwise = 10   # Spanwise = 30     First strip = 61
     Surface area =    2.000000       Ave. chord =    1.000000
     CLsurf  =   0.00465     Clsurf  =  -0.00038
     CYsurf  =  -0.00008     Cmsurf  =  -0.01272
     CDsurf  =   0.00055     Cnsurf  =   0.00004
     CDisurf =   0.00055     CDvsurf =   0.00000

  Forces referred to Ssurf, Cave about hinge axis thru LE
     CLsurf  =   0.03994     CDsurf  =   0.00470
     Deflect =

 Strip Forces referred to Strip Area, Chord
    j      Yle    Chord     Area     c cl      ai      cl_norm  cl       cd       cdv    cm_c/4    cm_LE  C.P.x/c
    61   0.0016   1.1973   0.0076   0.0575   0.1225   0.0478   0.0476   0.0062   0.0000  -0.0012  -0.0131    0.274
    62   0.0142   1.1948   0.0226   0.0575   0.1224   0.0479   0.0478   0.0057   0.0000  -0.0011  -0.0131    0.274
    63   0.0394   1.1898   0.0373   0.0574   0.1223   0.0481   0.0479   0.0056   0.0000  -0.0011  -0.0131    0.273
    64   0.0768   1.1824   0.0513   0.0573   0.1222   0.0483   0.0481   0.0056   0.0000  -0.0011  -0.0131    0.273
    65   0.1222   1.1734   0.0549   0.0571   0.1220   0.0484   0.0483   0.0056   0.0000  -0.0011  -0.0132    0.272
    66   0.1738   1.1632   0.0653   0.0566   0.1218   0.0485   0.0484   0.0057   0.0000  -0.0010  -0.0131    0.272
    67   0.2344   1.1513   0.0747   0.0560   0.1215   0.0485   0.0483   0.0056   0.0000  -0.0010  -0.0131    0.272
    68   0.3034   1.1376   0.0830   0.0551   0.1212   0.0483   0.0481   0.0056   0.0000  -0.0010  -0.0131    0.272
    69   0.3800   1.1225   0.0900   0.0539   0.1207   0.0479   0.0477   0.0056   0.0000  -0.0011  -0.0130    0.272
    70   0.4634   1.1060   0.0957   0.0525   0.1202   0.0473   0.0471   0.0055   0.0000  -0.0011  -0.0129    0.273
    71   0.5527   1.0884   0.1000   0.0507   0.1196   0.0464   0.0463   0.0054   0.0000  -0.0012  -0.0127    0.275
    72   0.6469   1.0697   0.1030   0.0488   0.1191   0.0454   0.0453   0.0053   0.0000  -0.0012  -0.0125    0.276
    73   0.7450   1.0504   0.1046   0.0467   0.1185   0.0443   0.0441   0.0052   0.0000  -0.0012  -0.0123    0.278
    74   0.8459   1.0304   0.1050   0.0445   0.1180   0.0430   0.0429   0.0051   0.0000  -0.0013  -0.0120    0.280
    75   0.9484   1.0102   0.1040   0.0424   0.1176   0.0418   0.0416   0.0049   0.0000  -0.0013  -0.0117    0.280
    76   1.0516   0.9898   0.1019   0.0403   0.1171   0.0405   0.0404   0.0048   0.0000  -0.0012  -0.0113    0.281
    77   1.1541   0.9696   0.0987   0.0382   0.1168   0.0393   0.0392   0.0046   0.0000  -0.0012  -0.0110    0.280
    78   1.2550   0.9496   0.0946   0.0363   0.1164   0.0381   0.0379   0.0045   0.0000  -0.0011  -0.0105    0.278
    79   1.3531   0.9303   0.0896   0.0344   0.1162   0.0368   0.0367   0.0043   0.0000  -0.0009  -0.0101    0.275
    80   1.4473   0.9116   0.0838   0.0325   0.1159   0.0355   0.0354   0.0042   0.0000  -0.0007  -0.0096    0.271
    81   1.5366   0.8940   0.0773   0.0305   0.1158   0.0340   0.0339   0.0040   0.0000  -0.0005  -0.0090    0.266
    82   1.6200   0.8775   0.0703   0.0284   0.1156   0.0323   0.0322   0.0038   0.0000  -0.0003  -0.0084    0.260
    83   1.6966   0.8624   0.0629   0.0262   0.1156   0.0302   0.0301   0.0036   0.0000  -0.0001  -0.0077    0.254
    84   1.7656   0.8487   0.0551   0.0237   0.1156   0.0278   0.0277   0.0033   0.0000   0.0001  -0.0069    0.247
    85   1.8262   0.8368   0.0470   0.0209   0.1156   0.0249   0.0248   0.0029   0.0000   0.0002  -0.0060    0.240
    86   1.8778   0.8266   0.0387   0.0179   0.1157   0.0216   0.0215   0.0025   0.0000   0.0004  -0.0050    0.234
    87   1.9232   0.8176   0.0355   0.0145   0.1158   0.0177   0.0177   0.0021   0.0000   0.0004  -0.0040    0.227
    88   1.9606   0.8102   0.0254   0.0107   0.1159   0.0131   0.0131   0.0015   0.0000   0.0004  -0.0029    0.221
    89   1.9858   0.8052   0.0153   0.0065   0.1160   0.0080   0.0080   0.0009   0.0000   0.0003  -0.0017    0.216
    90   1.9984   0.8027   0.0051   0.0022   0.1160   0.0027   0.0027   0.0003   0.0000   0.0001  -0.0006    0.213

  Surface # 4     horizontal_stabilizer (YDUP)            
     # Chordwise = 10   # Spanwise = 30     First strip = 91
     Surface area =    2.000000       Ave. chord =    1.000000
     CLsurf  =   0.00465     Clsurf  =   0.00038
     CYsurf  =   0.00008     Cmsurf  =  -0.01272
     CDsurf  =   0.00055     Cnsurf  =  -0.00004
     CDisurf =   0.00055     CDvsurf =   0.00000

  Forces referred to Ssurf, Cave about hinge axis thru LE
     CLsurf  =   0.03994     CDsurf  =   0.00470
     Deflect =

 Strip Forces referred to Strip Area, Chord
    j      Yle    Chord     Area     c cl      ai      cl_norm  cl       cd       cdv    cm_c/4    cm_LE  C.P.x/c
    91  -0.0016   1.1973   0.0076   0.0575   0.1225   0.0478   0.0476   0.0062   0.0000  -0.0012   0.0131    0.274
    92  -0.0142   1.1948   0.0226   0.0575   0.1224   0.0479   0.0478   0.0057   0.0000  -0.0011   0.0131    0.274
    93  -0.0394   1.1898   0.0373   0.0574   0.1223   0.0481   0.0479   0.0056   0.0000  -0.0011   0.0131    0.273
    94  -0.0768   1.1824   0.0513   0.0573   0.1222   0.0483   0.0481   0.0056   0.0000  -0.0011   0.0131    0.273
    95  -0.1222   1.1734   0.0549   0.0571   0.1220   0.0484   0.0483   0.0056   0.0000  -0.0011   0.0132    0.272
    96  -0.1738   1.1632   0.0653   0.0566   0.1218   0.0485   0.0484   0.0057   0.0000  -0.0010   0.0131    0.272
    97  -0.2344   1.1513   0.0747   0.0560   0.1215   0.0485   0.0483   0.0056   0.0000  -0.0010   0.0131    0.272
    98  -0.3034   1.1376   0.0830   0.0551   0.1212   0.0483   0.0481   0.0056   0.0000  -0.0010   0.0131    0.272
    99  -0.3800   1.1225   0.0900   0.0539   0.1207   0.0479   0.0477   0.0056   0.0000  -0.0011   0.0130    0.272
   100  -0.4634   1.1060   0.0957   0.0525   0.1202   0.0473   0.0471   0.0055   0.0000  -0.0011   0.0129    0.273
   101  -0.5527   1.0884   0.1000   0.0507   0.1196   0.0464   0.0463   0.0054   0.0000  -0.0012   0.0127    0.275
   102  -0.6469   1.0697   0.1030   0.0488   0.1191   0.0454   0.0453   0.0053   0.0000  -0.0012   0.0125    0.276
   103  -0.7450   1.0504   0.1046   0.0467   0.1185   0.0443   0.0441   0.0052   0.0000  -0.0012   0.0123    0.278
   104  -0.8459   1.0304   0.1050   0.0445   0.1180   0.0430   0.0429   0.0051   0.0000  -0.0013   0.0120    0.280
   105  -0.9484   1.0102   0.1040   0.0424   0.1176   0.0418   0.0416   0.0049   0.0000  -0.0013   0.0117    0.280
   106  -1.0516   0.9898   0.1019   0.0403   0.1171   0.0405   0.0404   0.0048   0.0000  -0.0012   0.0113    0.281
   107  -1.1541   0.9696   0.0987   0.0382   0.1168   0.0393   0.0392   0.0046   0.0000  -0.0012   0.0110    0.280
   108  -1.2550   0.9496   0.0946   0.0363   0.1164   0.0381   0.0379   0.0045   0.0000  -0.0011   0.0105    0.278
   109  -1.3531   0.9303   0.0896   0.0344   0.1162   0.0368   0.0367   0.0043   0.0000  -0.0009   0.0101    0.275
   110  -1.4473   0.9116   0.0838   0.0325   0.1159   0.0355   0.0354   0.0042   0.0000  -0.0007   0.0096    0.271
   111  -1.5366   0.8940   0.0773   0.0305   0.1158   0.0340   0.0339   0.0040   0.0000  -0.0005   0.0090    0.266
   112  -1.6200   0.8775   0.0703   0.0284   0.1156   0.0323   0.0322   0.0038   0.0000  -0.0003   0.0084    0.260
   113  -1.6966   0.8624   0.0629   0.0262   0.1156   0.0302   0.0301   0.0036   0.0000  -0.0001   0.0077    0.254
   114  -1.7656   0.8487   0.0551   0.0237   0.1156   0.0278   0.0277   0.0033   0.0000   0.0001   0.0069    0.247
   115  -1.8262   0.8368   0.0470   0.0209   0.1156   0.0249   0.0248   0.0029   0.0000   0.0002   0.0060    0.240
   116  -1.8778   0.8266   0.0387   0.0179   0.1157   0.0216   0.0215   0.0025   0.0000   0.0004   0.0050    0.234
   117  -1.9232   0.8176   0.0355   0.0145   0.1158   0.0177   0.0177   0.0021   0.0000   0.0004   0.0040    0.227
   118  -1.9606   0.8102   0.0254   0.0107   0.1159   0.0131   0.0131   0.0015   0.0000   0.0004   0.0029    0.221
   119  -1.9858   0.8052   0.0153   0.0065   0.1160   0.0080   0.0080   0.0009   0.0000   0.0003   0.0017    0.216
   120  -1.9984   0.8027   0.0051   0.0022   0.1160   0.0027   0.0027   0.0003   0.0000   0.0001   0.0006    0.213

  Surface # 5     vertical_stabilizer                     
     # Chordwise = 10   # Spanwise = 30     First strip =121
     Surface area =    1.336749       Ave. chord =    0.902233
     CLsurf  =   0.00000     Clsurf  =   0.00000
     CYsurf  =   0.00000     Cmsurf  =  -0.00000
     CDsurf  =  -0.00000     Cnsurf  =  -0.00000
     CDisurf =  -0.00000     CDvsurf =   0.00000

  Forces referred to Ssurf, Cave about hinge axis thru LE
     CLsurf  =  -0.00000     CDsurf  =  -0.00000
     Deflect =

 Strip Forces referred to Strip Area, Chord
    j      Yle    Chord     Area     c cl      ai      cl_norm  cl       cd       cdv    cm_c/4    cm_LE  C.P.x/c
   121   0.0000   1.2152   0.0161  -0.0000  -0.0000  -0.0000  -0.0000   0.0000   0.0000  -0.0000   0.0000    0.185
   122   0.0000   1.2078   0.0261  -0.0000   0.0000  -0.0000  -0.0000  -0.0000   0.0000  -0.0000   0.0000    0.177
   123   0.0000   1.1968   0.0358  -0.0000   0.0000  -0.0000  -0.0000  -0.0000   0.0000  -0.0000   0.0000    0.171
   124   0.0000   1.1824   0.0448  -0.0000  -0.0000  -0.0000  -0.0000   0.0000   0.0000  -0.0000   0.0000    0.174
   125   0.0000   1.1646   0.0530  -0.0000  -0.0000  -0.0000  -0.0000   0.0000   0.0000  -0.0000   0.0000    0.166
   126   0.0000   1.1454   0.0506  -0.0000   0.0000  -0.0000  -0.0000  -0.0000   0.0000  -0.0000   0.0000    0.167
   127   0.0000   1.1254   0.0560  -0.0000  -0.0000  -0.0000  -0.0000  -0.0000   0.0000  -0.0000   0.0000    0.177
   128   0.0000   1.1031   0.0606  -0.0000   0.0000  -0.0000  -0.0000  -0.0000   0.0000  -0.0000   0.0000    0.177
   129   0.0000   1.0787   0.0642  -0.0000   0.0000  -0.0000  -0.0000  -0.0000   0.0000  -0.0000   0.0000    0.193
   130   0.0000   1.0525   0.0669  -0.0000   0.0000  -0.0000  -0.0000  -0.0000   0.0000  -0.0000   0.0000    0.200
   131   0.0000   1.0247   0.0685  -0.0000  -0.0000  -0.0000  -0.0000  -0.0000   0.0000  -0.0000   0.0000    0.203
   132   0.0000   0.9956   0.0692  -0.0000   0.0000  -0.0000  -0.0000  -0.0000   0.0000  -0.0000   0.0000    0.201
   133   0.0000   0.9655   0.0690  -0.0000   0.0000  -0.0000  -0.0000  -0.0000   0.0000  -0.0000   0.0000    0.209
   134   0.0000   0.9348   0.0680  -0.0000  -0.0000  -0.0000  -0.0000  -0.0000   0.0000  -0.0000   0.0000    0.208
   135   0.0000   0.9037   0.0662  -0.0000  -0.0000  -0.0000  -0.0000  -0.0000   0.0000  -0.0000   0.0000    0.210
   136   0.0000   0.8726   0.0636  -0.0000   0.0000  -0.0000  -0.0000  -0.0000   0.0000  -0.0000   0.0000    0.210
   137   0.0000   0.8417   0.0605  -0.0000  -0.0000  -0.0000  -0.0000  -0.0000   0.0000  -0.0000   0.0000    0.213
   138   0.0000   0.8114   0.0569  -0.0000  -0.0000  -0.0000  -0.0000  -0.0000   0.0000  -0.0000   0.0000    0.207
   139   0.0000   0.7821   0.0529  -0.0000  -0.0000  -0.0000  -0.0000  -0.0000   0.0000  -0.0000   0.0000    0.208
   140   0.0000   0.7540   0.0485  -0.0000   0.0000  -0.0000  -0.0000  -0.0000   0.0000  -0.0000   0.0000    0.206
   141   0.0000   0.7274   0.0440  -0.0000  -0.0000  -0.0000  -0.0000  -0.0000   0.0000  -0.0000   0.0000    0.202
   142   0.0000   0.7025   0.0393  -0.0000   0.0000  -0.0000  -0.0000  -0.0000   0.0000  -0.0000   0.0000    0.195
   143   0.0000   0.6798   0.0346  -0.0000   0.0000  -0.0000  -0.0000  -0.0000   0.0000  -0.0000   0.0000    0.193
   144   0.0000   0.6593   0.0298  -0.0000   0.0000  -0.0000  -0.0000  -0.0000   0.0000  -0.0000   0.0000    0.180
   145   0.0000   0.6402   0.0283  -0.0000   0.0000  -0.0000  -0.0000  -0.0000   0.0000  -0.0000   0.0000    0.179
   146   0.0000   0.6229   0.0230  -0.0000   0.0000  -0.0000  -0.0000  -0.0000   0.0000  -0.0000   0.0000    0.171
   147   0.0000   0.6088   0.0177  -0.0000   0.0000  -0.0000  -0.0000  -0.0000   0.0000  -0.0000   0.0000    0.161
   148   0.0000   0.5981   0.0126  -0.0000  -0.0000  -0.0000  -0.0000  -0.0000   0.0000  -0.0000   0.0000    0.152
   149   0.0000   0.5910   0.0075  -0.0000   0.0000  -0.0000  -0.0000  -0.0000   0.0000  -0.0000   0.0000    0.144
   150   0.0000   0.5874   0.0025  -0.0000   0.0000  -0.0000  -0.0000  -0.0000   0.0000  -0.0000   0.0000    0.137
 ---------------------------------------------------------------
