 ---------------------------------------------------------------
 Surface and Strip Forces by surface

  Forces referred to Sref, Cref, Bref about Xref, Yref, Zref
 Standard axis orientation,  X fwd, Z down         

  Surface # 1     main_wing                               
     # Chordwise =  4   # Spanwise = 20     First strip =  1
     Surface area =    8.662523       Ave. chord =    1.689634
     CLsurf  =   0.24800     Clsurf  =  -0.04999
     CYsurf  =  -0.03174     Cmsurf  =  -0.02950
     CDsurf  =   0.00633     Cnsurf  =   0.00178
     CDisurf =   0.00633     CDvsurf =   0.00000

  Forces referred to Ssurf, Cave about hinge axis thru LE
     CLsurf  =   0.49577     CDsurf  =   0.01255
     Deflect =

 Strip Forces referred to Strip Area, Chord
    j      Yle    Chord     Area     c cl      ai      cl_norm  cl       cd       cdv    cm_c/4    cm_LE  C.P.x/c
     1   0.0076   2.1929   0.0672   1.4204   0.0342   0.6478   0.6477  -0.0158   0.0000  -0.1379  -0.2994    0.463
     2   0.0681   2.1809   0.1987   1.1534   0.0336   0.5289   0.5289   0.0148   0.0000  -0.1158  -0.2477    0.469
     3   0.1877   2.1571   0.3222   1.1337   0.0340   0.5256   0.5256   0.0166   0.0000  -0.1166  -0.2476    0.472
     4   0.3634   2.1222   0.4328   1.1303   0.0367   0.5326   0.5326   0.0178   0.0000  -0.1211  -0.2539    0.477
     5   0.5909   2.0770   0.5265   1.1277   0.0420   0.5430   0.5430   0.0145   0.0000  -0.1283  -0.2637    0.486
     6   0.8645   2.0227   0.6004   1.1246   0.0501   0.5560   0.5560   0.0162   0.0000  -0.1379  -0.2765    0.498
     7   1.1860   1.9589   0.6858   1.1067   0.0518   0.5650   0.5650   0.0178   0.0000  -0.1455  -0.2864    0.508
     8   1.5487   1.8868   0.7158   1.0623   0.0477   0.5630   0.5630   0.0162   0.0000  -0.1489  -0.2892    0.514
     9   1.9359   1.8100   0.7226   1.0016   0.0525   0.5534   0.5534   0.0150   0.0000  -0.1504  -0.2883    0.522
    10   2.3380   1.7301   0.7082   0.9316   0.0569   0.5385   0.5385   0.0134   0.0000  -0.1514  -0.2857    0.531
    11   2.7172   1.6548   0.5847   0.8620   0.0516   0.5209   0.5209   0.0113   0.0000  -0.1519  -0.2817    0.542
    12   3.0642   1.5859   0.5465   0.7923   0.0462   0.4996   0.4996   0.0102   0.0000  -0.1517  -0.2762    0.554
    13   3.3984   1.5195   0.4975   0.7215   0.0419   0.4748   0.4748   0.0095   0.0000  -0.1512  -0.2695    0.568
    14   3.7543   1.4488   0.5599   0.6458   0.0394   0.4457   0.4457   0.0084   0.0000  -0.1503  -0.2614    0.587
    15   4.1178   1.3766   0.4744   0.5636   0.0397   0.4094   0.4094   0.0069   0.0000  -0.1481  -0.2501    0.612
    16   4.4355   1.3135   0.3866   0.4779   0.0434   0.3639   0.3638   0.0070   0.0000  -0.1426  -0.2332    0.642
    17   4.6908   1.2629   0.2779   0.3935   0.0564   0.3116   0.3116   0.0079   0.0000  -0.1309  -0.2085    0.670
    18   4.8804   1.2252   0.1975   0.3024   0.0770   0.2468   0.2468   0.0084   0.0000  -0.1098  -0.1713    0.695
    19   5.0095   1.1996   0.1180   0.1932   0.0972   0.1611   0.1611   0.0069   0.0000  -0.0753  -0.1154    0.717
    20   5.0748   1.1866   0.0392   0.0667   0.1094   0.0562   0.0562   0.0030   0.0000  -0.0270  -0.0410    0.730

  Surface # 2     main_wing (YDUP)                        
     # Chordwise =  4   # Spanwise = 20     First strip = 21
     Surface area =    8.662523       Ave. chord =    1.689634
     CLsurf  =   0.24800     Clsurf  =   0.04999
     CYsurf  =   0.03174     Cmsurf  =  -0.02950
     CDsurf  =   0.00633     Cnsurf  =  -0.00178
     CDisurf =   0.00633     CDvsurf =   0.00000

  Forces referred to Ssurf, Cave about hinge axis thru LE
     CLsurf  =   0.49577     CDsurf  =   0.01255
     Deflect =

 Strip Forces referred to Strip Area, Chord
    j      Yle    Chord     Area     c cl      ai      cl_norm  cl       cd       cdv    cm_c/4    cm_LE  C.P.x/c
    21  -0.0076   2.1929   0.0672   1.4204   0.0342   0.6478   0.6477  -0.0158   0.0000  -0.1379   0.2994    0.463
    22  -0.0681   2.1809   0.1987   1.1534   0.0336   0.5289   0.5289   0.0148   0.0000  -0.1158   0.2477    0.469
    23  -0.1877   2.1571   0.3222   1.1337   0.0340   0.5256   0.5256   0.0166   0.0000  -0.1166   0.2476    0.472
    24  -0.3634   2.1222   0.4328   1.1303   0.0367   0.5326   0.5326   0.0178   0.0000  -0.1211   0.2539    0.477
    25  -0.5909   2.0770   0.5265   1.1277   0.0420   0.5430   0.5430   0.0145   0.0000  -0.1283   0.2637    0.486
    26  -0.8645   2.0227   0.6004   1.1246   0.0501   0.5560   0.5560   0.0162   0.0000  -0.1379   0.2765    0.498
    27  -1.1860   1.9589   0.6858   1.1067   0.0518   0.5650   0.5650   0.0178   0.0000  -0.1455   0.2864    0.508
    28  -1.5487   1.8868   0.7158   1.0623   0.0478   0.5630   0.5630   0.0162   0.0000  -0.1489   0.2892    0.514
    29  -1.9359   1.8100   0.7226   1.0016   0.0525   0.5534   0.5534   0.0150   0.0000  -0.1504   0.2883    0.522
    30  -2.3380   1.7301   0.7082   0.9316   0.0569   0.5385   0.5385   0.0134   0.0000  -0.1514   0.2857    0.531
    31  -2.7172   1.6548   0.5847   0.8620   0.0516   0.5209   0.5209   0.0113   0.0000  -0.1519   0.2817    0.542
    32  -3.0642   1.5859   0.5465   0.7923   0.0462   0.4996   0.4996   0.0102   0.0000  -0.1517   0.2762    0.554
    33  -3.3984   1.5195   0.4975   0.7215   0.0419   0.4748   0.4748   0.0095   0.0000  -0.1512   0.2695    0.568
    34  -3.7543   1.4488   0.5599   0.6458   0.0394   0.4457   0.4457   0.0084   0.0000  -0.1503   0.2614    0.587
    35  -4.1178   1.3766   0.4744   0.5636   0.0397   0.4094   0.4094   0.0069   0.0000  -0.1481   0.2501    0.612
    36  -4.4355   1.3135   0.3866   0.4779   0.0434   0.3639   0.3638   0.0070   0.0000  -0.1426   0.2332    0.642
    37  -4.6908   1.2629   0.2779   0.3935   0.0564   0.3116   0.3116   0.0079   0.0000  -0.1309   0.2085    0.670
    38  -4.8804   1.2252   0.1975   0.3024   0.0770   0.2468   0.2468   0.0084   0.0000  -0.1098   0.1713    0.695
    39  -5.0095   1.1996   0.1180   0.1932   0.0972   0.1611   0.1611   0.0069   0.0000  -0.0753   0.1154    0.717
    40  -5.0748   1.1866   0.0392   0.0667   0.1094   0.0562   0.0562   0.0030   0.0000  -0.0270   0.0410    0.730

  Surface # 3     horizontal_stabilizer                   
     # Chordwise =  4   # Spanwise = 20     First strip = 41
     Surface area =    2.000000       Ave. chord =    1.000000
     CLsurf  =  -0.02354     Clsurf  =   0.00200
     CYsurf  =   0.00008     Cmsurf  =   0.05897
     CDsurf  =  -0.00093     Cnsurf  =  -0.00012
     CDisurf =  -0.00093     CDvsurf =   0.00000

  Forces referred to Ssurf, Cave about hinge axis thru LE
     CLsurf  =  -0.20220     CDsurf  =  -0.00795
     Deflect =

 Strip Forces referred to Strip Area, Chord
    j      Yle    Chord     Area     c cl      ai      cl_norm  cl       cd       cdv    cm_c/4    cm_LE  C.P.x/c
    41   0.0028   1.1970   0.0135  -0.2497   0.0229  -0.2093  -0.2086   0.0100   0.0000  -0.0022   0.0497    0.240
    42   0.0254   1.1926   0.0401  -0.2497   0.0230  -0.2100  -0.2094  -0.0062   0.0000  -0.0022   0.0499    0.239
    43   0.0698   1.1838   0.0652  -0.2495   0.0233  -0.2115  -0.2108  -0.0075   0.0000  -0.0024   0.0501    0.239
    44   0.1388   1.1701   0.0969  -0.2491   0.0236  -0.2136  -0.2129  -0.0080   0.0000  -0.0026   0.0503    0.238
    45   0.2319   1.1517   0.1186  -0.2482   0.0239  -0.2162  -0.2155  -0.0082   0.0000  -0.0029   0.0507    0.237
    46   0.3440   1.1296   0.1361  -0.2466   0.0240  -0.2191  -0.2183  -0.0086   0.0000  -0.0032   0.0512    0.236
    47   0.4722   1.1043   0.1492  -0.2442   0.0240  -0.2218  -0.2211  -0.0088   0.0000  -0.0034   0.0516    0.235
    48   0.6135   1.0764   0.1576  -0.2405   0.0239  -0.2241  -0.2234  -0.0091   0.0000  -0.0037   0.0519    0.233
    49   0.7642   1.0466   0.1613  -0.2351   0.0236  -0.2254  -0.2247  -0.0094   0.0000  -0.0040   0.0519    0.232
    50   0.9207   1.0157   0.1605  -0.2278   0.0232  -0.2250  -0.2243  -0.0094   0.0000  -0.0043   0.0515    0.231
    51   1.0793   0.9843   0.1555  -0.2181   0.0224  -0.2223  -0.2216  -0.0093   0.0000  -0.0047   0.0505    0.229
    52   1.2358   0.9534   0.1469  -0.2058   0.0213  -0.2165  -0.2158  -0.0090   0.0000  -0.0051   0.0486    0.226
    53   1.3865   0.9236   0.1353  -0.1907   0.0198  -0.2071  -0.2064  -0.0085   0.0000  -0.0056   0.0457    0.223
    54   1.5278   0.8957   0.1211  -0.1727   0.0180  -0.1934  -0.1928  -0.0078   0.0000  -0.0062   0.0418    0.218
    55   1.6560   0.8704   0.1049  -0.1519   0.0161  -0.1750  -0.1745  -0.0069   0.0000  -0.0068   0.0367    0.211
    56   1.7681   0.8483   0.0873  -0.1282   0.0140  -0.1516  -0.1511  -0.0059   0.0000  -0.0071   0.0305    0.203
    57   1.8612   0.8299   0.0687  -0.1018   0.0121  -0.1230  -0.1226  -0.0045   0.0000  -0.0070   0.0235    0.193
    58   1.9302   0.8162   0.0450  -0.0736   0.0105  -0.0904  -0.0901  -0.0033   0.0000  -0.0060   0.0164    0.183
    59   1.9746   0.8074   0.0271  -0.0447   0.0094  -0.0556  -0.0554  -0.0020   0.0000  -0.0041   0.0097    0.176
    60   1.9972   0.8030   0.0091  -0.0150   0.0089  -0.0188  -0.0187  -0.0008   0.0000  -0.0015   0.0032    0.172

  Surface # 4     horizontal_stabilizer (YDUP)            
     # Chordwise =  4   # Spanwise = 20     First strip = 61
     Surface area =    2.000000       Ave. chord =    1.000000
     CLsurf  =  -0.02354     Clsurf  =  -0.00200
     CYsurf  =  -0.00008     Cmsurf  =   0.05897
     CDsurf  =  -0.00093     Cnsurf  =   0.00012
     CDisurf =  -0.00093     CDvsurf =   0.00000

  Forces referred to Ssurf, Cave about hinge axis thru LE
     CLsurf  =  -0.20220     CDsurf  =  -0.00795
     Deflect =

 Strip Forces referred to Strip Area, Chord
    j      Yle    Chord     Area     c cl      ai      cl_norm  cl       cd       cdv    cm_c/4    cm_LE  C.P.x/c
    61  -0.0028   1.1970   0.0135  -0.2497   0.0229  -0.2093  -0.2086   0.0100   0.0000  -0.0022  -0.0497    0.240
    62  -0.0254   1.1926   0.0401  -0.2497   0.0230  -0.2100  -0.2094  -0.0062   0.0000  -0.0022  -0.0499    0.239
    63  -0.0698   1.1838   0.0652  -0.2495   0.0233  -0.2115  -0.2108  -0.0075   0.0000  -0.0024  -0.0501    0.239
    64  -0.1388   1.1701   0.0969  -0.2491   0.0236  -0.2136  -0.2129  -0.0080   0.0000  -0.0026  -0.0503    0.238
    65  -0.2319   1.1517   0.1186  -0.2482   0.0239  -0.2162  -0.2155  -0.0082   0.0000  -0.0029  -0.0507    0.237
    66  -0.3440   1.1296   0.1361  -0.2466   0.0240  -0.2191  -0.2183  -0.0086   0.0000  -0.0032  -0.0512    0.236
    67  -0.4722   1.1043   0.1492  -0.2442   0.0240  -0.2218  -0.2211  -0.0088   0.0000  -0.0034  -0.0516    0.235
    68  -0.6135   1.0764   0.1576  -0.2405   0.0239  -0.2241  -0.2234  -0.0091   0.0000  -0.0037  -0.0519    0.233
    69  -0.7642   1.0466   0.1613  -0.2351   0.0236  -0.2254  -0.2247  -0.0094   0.0000  -0.0040  -0.0519    0.232
    70  -0.9207   1.0157   0.1605  -0.2278   0.0232  -0.2250  -0.2243  -0.0094   0.0000  -0.0043  -0.0515    0.231
    71  -1.0793   0.9843   0.1555  -0.2181   0.0224  -0.2223  -0.2216  -0.0093   0.0000  -0.0047  -0.0505    0.229
    72  -1.2358   0.9534   0.1469  -0.2058   0.0213  -0.2165  -0.2158  -0.0090   0.0000  -0.0051  -0.0486    0.226
    73  -1.3865   0.9236   0.1353  -0.1907   0.0198  -0.2071  -0.2064  -0.0085   0.0000  -0.0056  -0.0457    0.223
    74  -1.5278   0.8957   0.1211  -0.1727   0.0180  -0.1934  -0.1928  -0.0078   0.0000  -0.0062  -0.0418    0.218
    75  -1.6560   0.8704   0.1049  -0.1519   0.0161  -0.1750  -0.1745  -0.0069   0.0000  -0.0068  -0.0367    0.211
    76  -1.7681   0.8483   0.0873  -0.1282   0.0140  -0.1516  -0.1511  -0.0059   0.0000  -0.0071  -0.0305    0.203
    77  -1.8612   0.8299   0.0687  -0.1018   0.0121  -0.1230  -0.1226  -0.0045   0.0000  -0.0070  -0.0235    0.193
    78  -1.9302   0.8162   0.0450  -0.0736   0.0105  -0.0904  -0.0901  -0.0033   0.0000  -0.0060  -0.0164    0.183
    79  -1.9746   0.8074   0.0271  -0.0447   0.0094  -0.0556  -0.0554  -0.0020   0.0000  -0.0041  -0.0097    0.176
    80  -1.9972   0.8030   0.0091  -0.0150   0.0089  -0.0188  -0.0187  -0.0008   0.0000  -0.0015  -0.0032    0.172

  Surface # 5     vertical_stabilizer                     
     # Chordwise =  4   # Spanwise = 20     First strip = 81
     Surface area =    1.336680       Ave. chord =    0.902187
     CLsurf  =   0.00000     Clsurf  =   0.00000
     CYsurf  =   0.00000     Cmsurf  =  -0.00000
     CDsurf  =  -0.00000     Cnsurf  =  -0.00000
     CDisurf =  -0.00000     CDvsurf =   0.00000

  Forces referred to Ssurf, Cave about hinge axis thru LE
     CLsurf  =  -0.00000     CDsurf  =  -0.00000
     Deflect =

 Strip Forces referred to Strip Area, Chord
    j      Yle    Chord     Area     c cl      ai      cl_norm  cl       cd       cdv    cm_c/4    cm_LE  C.P.x/c
    81   0.0000   1.2147   0.0206  -0.0000   0.0000  -0.0000  -0.0000   0.0000   0.0000  -0.0000   0.0000    0.171
    82   0.0000   1.2045   0.0371  -0.0000   0.0000  -0.0000  -0.0000  -0.0000   0.0000  -0.0000   0.0000    0.213
    83   0.0000   1.1886   0.0523  -0.0000   0.0000  -0.0000  -0.0000  -0.0000   0.0000  -0.0000   0.0000    0.237
    84   0.0000   1.1671   0.0658  -0.0000   0.0000  -0.0000  -0.0000  -0.0000   0.0000  -0.0000   0.0000    0.227
    85   0.0000   1.1382   0.0906  -0.0000  -0.0000  -0.0000  -0.0000  -0.0000   0.0000  -0.0000   0.0000    0.191
    86   0.0000   1.1018   0.1003  -0.0000   0.0000  -0.0000  -0.0000  -0.0000   0.0000  -0.0000   0.0000    0.133
    87   0.0000   1.0610   0.1064  -0.0000   0.0000  -0.0000  -0.0000   0.0000   0.0000  -0.0000   0.0000    0.116
    88   0.0000   1.0166   0.1091  -0.0000   0.0000  -0.0000  -0.0000   0.0000   0.0000  -0.0000   0.0000    0.171
    89   0.0000   0.9698   0.1086  -0.0000   0.0000  -0.0000  -0.0000  -0.0000   0.0000  -0.0000   0.0000    0.200
    90   0.0000   0.9216   0.1050  -0.0000   0.0000  -0.0000  -0.0000   0.0000   0.0000  -0.0000   0.0000    0.220
    91   0.0000   0.8731   0.0989  -0.0000   0.0000  -0.0000  -0.0000  -0.0000   0.0000  -0.0000   0.0000    0.178
    92   0.0000   0.8255   0.0908  -0.0000  -0.0000  -0.0000  -0.0000  -0.0000   0.0000  -0.0000   0.0000    0.216
    93   0.0000   0.7798   0.0812  -0.0000   0.0000  -0.0000  -0.0000  -0.0000   0.0000  -0.0000   0.0000    0.197
    94   0.0000   0.7371   0.0706  -0.0000   0.0000  -0.0000  -0.0000   0.0000   0.0000  -0.0000   0.0000    0.172
    95   0.0000   0.6985   0.0595  -0.0000  -0.0000  -0.0000  -0.0000  -0.0000   0.0000  -0.0000   0.0000    0.249
    96   0.0000   0.6647   0.0483  -0.0000  -0.0000  -0.0000  -0.0000   0.0000   0.0000  -0.0000   0.0000    0.241
    97   0.0000   0.6356   0.0405  -0.0000   0.0000  -0.0000  -0.0000   0.0000   0.0000  -0.0000   0.0000    0.243
    98   0.0000   0.6120   0.0285  -0.0000   0.0000  -0.0000  -0.0000   0.0000   0.0000  -0.0000   0.0000    0.227
    99   0.0000   0.5960   0.0169  -0.0000   0.0000  -0.0000  -0.0000  -0.0000   0.0000  -0.0000   0.0000    0.221
   100   0.0000   0.5879   0.0056  -0.0000  -0.0000  -0.0000  -0.0000  -0.0000   0.0000   0.0000   0.0000    0.255
 ---------------------------------------------------------------
