 ---------------------------------------------------------------
 Surface and Strip Forces by surface

  Forces referred to Sref, Cref, Bref about Xref, Yref, Zref
 Standard axis orientation,  X fwd, Z down         

  Surface # 1     main_wing                               
     # Chordwise = 10   # Spanwise = 30     First strip =  1
     Surface area =    8.662745       Ave. chord =    1.689678
     CLsurf  =   0.34688     Clsurf  =  -0.07044
     CYsurf  =  -0.04537     Cmsurf  =  -0.08412
     CDsurf  =   0.01296     Cnsurf  =   0.00191
     CDisurf =   0.01296     CDvsurf =   0.00000

  Forces referred to Ssurf, Cave about hinge axis thru LE
     CLsurf  =   0.69370     CDsurf  =   0.02569
     Deflect =

 Strip Forces referred to Strip Area, Chord
    j      Yle    Chord     Area     c cl      ai      cl_norm  cl       cd       cdv    cm_c/4    cm_LE  C.P.x/c
     1   0.0034   2.1937   0.0299   2.1189   0.0662   0.9669   0.9669  -0.0122   0.0000  -0.1706  -0.4116    0.426
     2   0.0304   2.1884   0.0891   1.6208   0.0641   0.7401   0.7400   0.0309   0.0000  -0.1328  -0.3176    0.429
     3   0.0840   2.1777   0.1468   1.5836   0.0627   0.7266   0.7265   0.0319   0.0000  -0.1309  -0.3124    0.430
     4   0.1638   2.1619   0.2017   1.5754   0.0625   0.7281   0.7281   0.0321   0.0000  -0.1324  -0.3142    0.432
     5   0.2688   2.1410   0.2531   1.5699   0.0634   0.7327   0.7327   0.0301   0.0000  -0.1351  -0.3181    0.434
     6   0.3979   2.1154   0.3000   1.5765   0.0654   0.7445   0.7444   0.0368   0.0000  -0.1402  -0.3262    0.438
     7   0.5496   2.0852   0.3417   1.5725   0.0685   0.7534   0.7533   0.0363   0.0000  -0.1457  -0.3339    0.443
     8   0.7223   2.0509   0.3776   1.5634   0.0727   0.7617   0.7616   0.0320   0.0000  -0.1522  -0.3424    0.450
     9   0.9142   2.0128   0.4073   1.5540   0.0784   0.7714   0.7713   0.0341   0.0000  -0.1591  -0.3517    0.456
    10   1.1285   1.9703   0.4526   1.5271   0.0789   0.7744   0.7744   0.0325   0.0000  -0.1641  -0.3575    0.462
    11   1.3637   1.9236   0.4694   1.5011   0.0739   0.7798   0.7797   0.0319   0.0000  -0.1677  -0.3624    0.465
    12   1.6118   1.8743   0.4793   1.4572   0.0713   0.7769   0.7769   0.0301   0.0000  -0.1697  -0.3636    0.468
    13   1.8700   1.8230   0.4823   1.4035   0.0719   0.7694   0.7693   0.0295   0.0000  -0.1708  -0.3628    0.472
    14   2.1357   1.7703   0.4789   1.3479   0.0740   0.7609   0.7609   0.0274   0.0000  -0.1717  -0.3617    0.476
    15   2.4057   1.7167   0.4695   1.2870   0.0724   0.7493   0.7493   0.0254   0.0000  -0.1724  -0.3595    0.480
    16   2.6723   1.6637   0.4384   1.2252   0.0683   0.7361   0.7360   0.0228   0.0000  -0.1729  -0.3566    0.485
    17   2.9325   1.6120   0.4201   1.1567   0.0644   0.7172   0.7172   0.0229   0.0000  -0.1725  -0.3515    0.491
    18   3.1884   1.5612   0.3979   1.0925   0.0610   0.6995   0.6995   0.0204   0.0000  -0.1725  -0.3471    0.497
    19   3.4372   1.5118   0.3724   1.0236   0.0583   0.6769   0.6768   0.0188   0.0000  -0.1719  -0.3408    0.504
    20   3.6775   1.4641   0.3480   0.9534   0.0571   0.6510   0.6509   0.0185   0.0000  -0.1707  -0.3332    0.512
    21   3.9066   1.4186   0.3174   0.8814   0.0574   0.6211   0.6211   0.0182   0.0000  -0.1689  -0.3238    0.522
    22   4.1206   1.3761   0.2853   0.8088   0.0588   0.5876   0.5875   0.0175   0.0000  -0.1661  -0.3127    0.533
    23   4.3172   1.3370   0.2522   0.7354   0.0617   0.5498   0.5498   0.0162   0.0000  -0.1621  -0.2992    0.545
    24   4.4942   1.3019   0.2186   0.6587   0.0660   0.5057   0.5057   0.0155   0.0000  -0.1558  -0.2820    0.558
    25   4.6536   1.2702   0.1944   0.5797   0.0754   0.4561   0.4561   0.0157   0.0000  -0.1465  -0.2603    0.571
    26   4.7929   1.2426   0.1585   0.4934   0.0895   0.3968   0.3968   0.0164   0.0000  -0.1324  -0.2314    0.584
    27   4.9062   1.2201   0.1229   0.3990   0.1043   0.3267   0.3266   0.0156   0.0000  -0.1132  -0.1947    0.596
    28   4.9923   1.2030   0.0875   0.2949   0.1190   0.2449   0.2449   0.0130   0.0000  -0.0879  -0.1490    0.609
    29   5.0502   1.1915   0.0524   0.1819   0.1327   0.1525   0.1525   0.0092   0.0000  -0.0563  -0.0944    0.619
    30   5.0794   1.1857   0.0174   0.0617   0.1419   0.0520   0.0520   0.0035   0.0000  -0.0195  -0.0325    0.626

  Surface # 2     main_wing (YDUP)                        
     # Chordwise = 10   # Spanwise = 30     First strip = 31
     Surface area =    8.662745       Ave. chord =    1.689678
     CLsurf  =   0.34688     Clsurf  =   0.07044
     CYsurf  =   0.04537     Cmsurf  =  -0.08412
     CDsurf  =   0.01296     Cnsurf  =  -0.00191
     CDisurf =   0.01296     CDvsurf =   0.00000

  Forces referred to Ssurf, Cave about hinge axis thru LE
     CLsurf  =   0.69370     CDsurf  =   0.02569
     Deflect =

 Strip Forces referred to Strip Area, Chord
    j      Yle    Chord     Area     c cl      ai      cl_norm  cl       cd       cdv    cm_c/4    cm_LE  C.P.x/c
    31  -0.0034   2.1937   0.0299   2.1189   0.0661   0.9669   0.9669  -0.0122   0.0000  -0.1706   0.4116    0.426
    32  -0.0304   2.1884   0.0891   1.6208   0.0641   0.7401   0.7400   0.0309   0.0000  -0.1328   0.3176    0.429
    33  -0.0840   2.1777   0.1468   1.5836   0.0627   0.7266   0.7265   0.0319   0.0000  -0.1309   0.3124    0.430
    34  -0.1638   2.1619   0.2017   1.5754   0.0625   0.7281   0.7281   0.0321   0.0000  -0.1324   0.3142    0.432
    35  -0.2688   2.1410   0.2531   1.5699   0.0634   0.7327   0.7327   0.0301   0.0000  -0.1351   0.3181    0.434
    36  -0.3979   2.1154   0.3000   1.5765   0.0654   0.7445   0.7444   0.0368   0.0000  -0.1402   0.3262    0.438
    37  -0.5496   2.0852   0.3417   1.5725   0.0685   0.7534   0.7533   0.0363   0.0000  -0.1457   0.3339    0.443
    38  -0.7223   2.0509   0.3776   1.5634   0.0727   0.7617   0.7616   0.0320   0.0000  -0.1522   0.3424    0.450
    39  -0.9142   2.0128   0.4073   1.5540   0.0784   0.7714   0.7713   0.0341   0.0000  -0.1591   0.3517    0.456
    40  -1.1285   1.9703   0.4526   1.5271   0.0789   0.7744   0.7744   0.0325   0.0000  -0.1641   0.3575    0.462
    41  -1.3637   1.9236   0.4694   1.5011   0.0739   0.7798   0.7797   0.0319   0.0000  -0.1677   0.3624    0.465
    42  -1.6118   1.8743   0.4793   1.4572   0.0713   0.7769   0.7769   0.0301   0.0000  -0.1697   0.3636    0.468
    43  -1.8700   1.8230   0.4823   1.4035   0.0719   0.7694   0.7693   0.0295   0.0000  -0.1708   0.3628    0.472
    44  -2.1357   1.7703   0.4789   1.3479   0.0740   0.7609   0.7609   0.0274   0.0000  -0.1717   0.3617    0.476
    45  -2.4057   1.7167   0.4695   1.2870   0.0724   0.7493   0.7493   0.0254   0.0000  -0.1724   0.3595    0.480
    46  -2.6723   1.6637   0.4384   1.2252   0.0683   0.7361   0.7360   0.0228   0.0000  -0.1729   0.3566    0.485
    47  -2.9325   1.6120   0.4201   1.1567   0.0644   0.7172   0.7172   0.0229   0.0000  -0.1725   0.3515    0.491
    48  -3.1884   1.5612   0.3979   1.0925   0.0610   0.6995   0.6995   0.0204   0.0000  -0.1725   0.3471    0.497
    49  -3.4372   1.5118   0.3724   1.0236   0.0583   0.6769   0.6768   0.0188   0.0000  -0.1719   0.3408    0.504
    50  -3.6775   1.4641   0.3480   0.9534   0.0571   0.6510   0.6509   0.0185   0.0000  -0.1707   0.3332    0.512
    51  -3.9066   1.4186   0.3174   0.8814   0.0574   0.6211   0.6211   0.0182   0.0000  -0.1689   0.3238    0.522
    52  -4.1206   1.3761   0.2853   0.8088   0.0588   0.5876   0.5875   0.0175   0.0000  -0.1661   0.3127    0.533
    53  -4.3172   1.3370   0.2522   0.7354   0.0617   0.5498   0.5498   0.0162   0.0000  -0.1621   0.2992    0.545
    54  -4.4942   1.3019   0.2186   0.6587   0.0660   0.5057   0.5057   0.0155   0.0000  -0.1558   0.2820    0.558
    55  -4.6536   1.2702   0.1944   0.5797   0.0754   0.4561   0.4561   0.0157   0.0000  -0.1465   0.2603    0.571
    56  -4.7929   1.2426   0.1585   0.4934   0.0895   0.3968   0.3968   0.0164   0.0000  -0.1324   0.2314    0.584
    57  -4.9062   1.2201   0.1229   0.3990   0.1043   0.3267   0.3266   0.0156   0.0000  -0.1132   0.1947    0.596
    58  -4.9923   1.2030   0.0875   0.2949   0.1190   0.2449   0.2449   0.0130   0.0000  -0.0879   0.1490    0.609
    59  -5.0502   1.1915   0.0524   0.1819   0.1327   0.1525   0.1525   0.0092   0.0000  -0.0563   0.0944    0.619
    60  -5.0794   1.1857   0.0174   0.0617   0.1419   0.0520   0.0520   0.0035   0.0000  -0.0195   0.0325    0.626

  Surface # 3     horizontal_stabilizer                   
     # Chordwise = 10   # Spanwise = 30     First strip = 61
     Surface area =    2.000000       Ave. chord =    1.000000
     CLsurf  =  -0.01735     Clsurf  =   0.00148
     CYsurf  =   0.00014     Cmsurf  =   0.04663
     CDsurf  =  -0.00108     Cnsurf  =  -0.00011
     CDisurf =  -0.00108     CDvsurf =   0.00000

  Forces referred to Ssurf, Cave about hinge axis thru LE
     CLsurf  =  -0.14902     CDsurf  =  -0.00932
     Deflect =

 Strip Forces referred to Strip Area, Chord
    j      Yle    Chord     Area     c cl      ai      cl_norm  cl       cd       cdv    cm_c/4    cm_LE  C.P.x/c
    61   0.0016   1.1973   0.0076  -0.1832   0.0514  -0.1536  -0.1531  -0.0010   0.0000  -0.0021   0.0360    0.236
    62   0.0142   1.1948   0.0226  -0.1832   0.0515  -0.1536  -0.1532  -0.0083   0.0000  -0.0021   0.0360    0.236
    63   0.0394   1.1898   0.0373  -0.1832   0.0517  -0.1542  -0.1537  -0.0089   0.0000  -0.0022   0.0361    0.236
    64   0.0768   1.1824   0.0513  -0.1831   0.0518  -0.1551  -0.1546  -0.0092   0.0000  -0.0024   0.0362    0.235
    65   0.1222   1.1734   0.0549  -0.1830   0.0519  -0.1562  -0.1557  -0.0093   0.0000  -0.0025   0.0363    0.234
    66   0.1738   1.1632   0.0653  -0.1828   0.0520  -0.1574  -0.1569  -0.0094   0.0000  -0.0027   0.0364    0.233
    67   0.2344   1.1513   0.0747  -0.1824   0.0520  -0.1587  -0.1582  -0.0097   0.0000  -0.0028   0.0366    0.232
    68   0.3034   1.1376   0.0830  -0.1819   0.0519  -0.1601  -0.1596  -0.0098   0.0000  -0.0030   0.0368    0.231
    69   0.3800   1.1225   0.0900  -0.1812   0.0518  -0.1616  -0.1611  -0.0099   0.0000  -0.0032   0.0370    0.230
    70   0.4634   1.1060   0.0957  -0.1802   0.0516  -0.1632  -0.1627  -0.0102   0.0000  -0.0034   0.0372    0.229
    71   0.5527   1.0884   0.1000  -0.1789   0.0514  -0.1646  -0.1641  -0.0103   0.0000  -0.0035   0.0373    0.228
    72   0.6469   1.0697   0.1030  -0.1771   0.0512  -0.1658  -0.1653  -0.0104   0.0000  -0.0037   0.0375    0.227
    73   0.7450   1.0504   0.1046  -0.1748   0.0509  -0.1667  -0.1662  -0.0106   0.0000  -0.0039   0.0375    0.226
    74   0.8459   1.0304   0.1050  -0.1719   0.0505  -0.1670  -0.1665  -0.0107   0.0000  -0.0041   0.0374    0.225
    75   0.9484   1.0102   0.1040  -0.1681   0.0501  -0.1667  -0.1662  -0.0107   0.0000  -0.0043   0.0371    0.224
    76   1.0516   0.9898   0.1019  -0.1635   0.0496  -0.1655  -0.1649  -0.0107   0.0000  -0.0045   0.0366    0.222
    77   1.1541   0.9696   0.0987  -0.1580   0.0490  -0.1632  -0.1627  -0.0105   0.0000  -0.0048   0.0358    0.221
    78   1.2550   0.9496   0.0946  -0.1516   0.0484  -0.1599  -0.1594  -0.0103   0.0000  -0.0050   0.0347    0.219
    79   1.3531   0.9303   0.0896  -0.1442   0.0476  -0.1552  -0.1548  -0.0100   0.0000  -0.0052   0.0333    0.216
    80   1.4473   0.9116   0.0838  -0.1359   0.0468  -0.1493  -0.1488  -0.0095   0.0000  -0.0055   0.0316    0.213
    81   1.5366   0.8940   0.0773  -0.1266   0.0460  -0.1418  -0.1414  -0.0090   0.0000  -0.0057   0.0295    0.210
    82   1.6200   0.8775   0.0703  -0.1165   0.0451  -0.1330  -0.1326  -0.0084   0.0000  -0.0059   0.0271    0.205
    83   1.6966   0.8624   0.0629  -0.1056   0.0442  -0.1226  -0.1223  -0.0076   0.0000  -0.0061   0.0244    0.200
    84   1.7656   0.8487   0.0551  -0.0940   0.0433  -0.1109  -0.1105  -0.0069   0.0000  -0.0061   0.0214    0.195
    85   1.8262   0.8368   0.0470  -0.0817   0.0425  -0.0978  -0.0975  -0.0059   0.0000  -0.0060   0.0183    0.188
    86   1.8778   0.8266   0.0387  -0.0689   0.0418  -0.0835  -0.0832  -0.0051   0.0000  -0.0057   0.0151    0.182
    87   1.9232   0.8176   0.0355  -0.0551   0.0411  -0.0675  -0.0673  -0.0041   0.0000  -0.0050   0.0117    0.175
    88   1.9606   0.8102   0.0254  -0.0398   0.0405  -0.0493  -0.0491  -0.0029   0.0000  -0.0040   0.0082    0.168
    89   1.9858   0.8052   0.0153  -0.0241   0.0400  -0.0300  -0.0299  -0.0017   0.0000  -0.0026   0.0048    0.163
    90   1.9984   0.8027   0.0051  -0.0081   0.0398  -0.0101  -0.0100  -0.0006   0.0000  -0.0009   0.0016    0.160

  Surface # 4     horizontal_stabilizer (YDUP)            
     # Chordwise = 10   # Spanwise = 30     First strip = 91
     Surface area =    2.000000       Ave. chord =    1.000000
     CLsurf  =  -0.01735     Clsurf  =  -0.00148
     CYsurf  =  -0.00014     Cmsurf  =   0.04663
     CDsurf  =  -0.00108     Cnsurf  =   0.00011
     CDisurf =  -0.00108     CDvsurf =   0.00000

  Forces referred to Ssurf, Cave about hinge axis thru LE
     CLsurf  =  -0.14902     CDsurf  =  -0.00932
     Deflect =

 Strip Forces referred to Strip Area, Chord
    j      Yle    Chord     Area     c cl      ai      cl_norm  cl       cd       cdv    cm_c/4    cm_LE  C.P.x/c
    91  -0.0016   1.1973   0.0076  -0.1832   0.0514  -0.1536  -0.1531  -0.0010   0.0000  -0.0021  -0.0360    0.236
    92  -0.0142   1.1948   0.0226  -0.1832   0.0515  -0.1536  -0.1532  -0.0083   0.0000  -0.0021  -0.0360    0.236
    93  -0.0394   1.1898   0.0373  -0.1832   0.0517  -0.1542  -0.1537  -0.0089   0.0000  -0.0022  -0.0361    0.236
    94  -0.0768   1.1824   0.0513  -0.1831   0.0518  -0.1551  -0.1546  -0.0092   0.0000  -0.0024  -0.0362    0.235
    95  -0.1222   1.1734   0.0549  -0.1830   0.0519  -0.1562  -0.1557  -0.0093   0.0000  -0.0025  -0.0363    0.234
    96  -0.1738   1.1632   0.0653  -0.1828   0.0520  -0.1574  -0.1569  -0.0094   0.0000  -0.0027  -0.0364    0.233
    97  -0.2344   1.1513   0.0747  -0.1824   0.0520  -0.1587  -0.1582  -0.0097   0.0000  -0.0028  -0.0366    0.232
    98  -0.3034   1.1376   0.0830  -0.1819   0.0519  -0.1601  -0.1596  -0.0098   0.0000  -0.0030  -0.0368    0.231
    99  -0.3800   1.1225   0.0900  -0.1812   0.0518  -0.1616  -0.1611  -0.0099   0.0000  -0.0032  -0.0370    0.230
   100  -0.4634   1.1060   0.0957  -0.1802   0.0516  -0.1632  -0.1627  -0.0102   0.0000  -0.0034  -0.0372    0.229
   101  -0.5527   1.0884   0.1000  -0.1789   0.0514  -0.1646  -0.1641  -0.0103   0.0000  -0.0035  -0.0373    0.228
   102  -0.6469   1.0697   0.1030  -0.1771   0.0512  -0.1658  -0.1653  -0.0104   0.0000  -0.0037  -0.0375    0.227
   103  -0.7450   1.0504   0.1046  -0.1748   0.0509  -0.1667  -0.1662  -0.0106   0.0000  -0.0039  -0.0375    0.226
   104  -0.8459   1.0304   0.1050  -0.1719   0.0505  -0.1670  -0.1665  -0.0107   0.0000  -0.0041  -0.0374    0.225
   105  -0.9484   1.0102   0.1040  -0.1681   0.0501  -0.1667  -0.1662  -0.0107   0.0000  -0.0043  -0.0371    0.224
   106  -1.0516   0.9898   0.1019  -0.1635   0.0496  -0.1655  -0.1649  -0.0107   0.0000  -0.0045  -0.0366    0.222
   107  -1.1541   0.9696   0.0987  -0.1580   0.0490  -0.1632  -0.1627  -0.0105   0.0000  -0.0048  -0.0358    0.221
   108  -1.2550   0.9496   0.0946  -0.1516   0.0484  -0.1599  -0.1594  -0.0103   0.0000  -0.0050  -0.0347    0.219
   109  -1.3531   0.9303   0.0896  -0.1442   0.0476  -0.1552  -0.1548  -0.0100   0.0000  -0.0052  -0.0333    0.216
   110  -1.4473   0.9116   0.0838  -0.1359   0.0468  -0.1493  -0.1488  -0.0095   0.0000  -0.0055  -0.0316    0.213
   111  -1.5366   0.8940   0.0773  -0.1266   0.0460  -0.1418  -0.1414  -0.0090   0.0000  -0.0057  -0.0295    0.210
   112  -1.6200   0.8775   0.0703  -0.1165   0.0451  -0.1330  -0.1326  -0.0084   0.0000  -0.0059  -0.0271    0.205
   113  -1.6966   0.8624   0.0629  -0.1056   0.0442  -0.1226  -0.1223  -0.0076   0.0000  -0.0061  -0.0244    0.200
   114  -1.7656   0.8487   0.0551  -0.0940   0.0433  -0.1109  -0.1105  -0.0069   0.0000  -0.0061  -0.0214    0.195
   115  -1.8262   0.8368   0.0470  -0.0817   0.0425  -0.0978  -0.0975  -0.0059   0.0000  -0.0060  -0.0183    0.188
   116  -1.8778   0.8266   0.0387  -0.0689   0.0418  -0.0835  -0.0832  -0.0051   0.0000  -0.0057  -0.0151    0.182
   117  -1.9232   0.8176   0.0355  -0.0551   0.0411  -0.0675  -0.0673  -0.0041   0.0000  -0.0050  -0.0117    0.175
   118  -1.9606   0.8102   0.0254  -0.0398   0.0405  -0.0493  -0.0491  -0.0029   0.0000  -0.0040  -0.0082    0.168
   119  -1.9858   0.8052   0.0153  -0.0241   0.0400  -0.0300  -0.0299  -0.0017   0.0000  -0.0026  -0.0048    0.163
   120  -1.9984   0.8027   0.0051  -0.0081   0.0398  -0.0101  -0.0100  -0.0006   0.0000  -0.0009  -0.0016    0.160

  Surface # 5     vertical_stabilizer                     
     # Chordwise = 10   # Spanwise = 30     First strip =121
     Surface area =    1.336749       Ave. chord =    0.902233
     CLsurf  =   0.00000     Clsurf  =   0.00000
     CYsurf  =   0.00000     Cmsurf  =  -0.00000
     CDsurf  =  -0.00000     Cnsurf  =  -0.00000
     CDisurf =  -0.00000     CDvsurf =   0.00000

  Forces referred to Ssurf, Cave about hinge axis thru LE
     CLsurf  =  -0.00000     CDsurf  =  -0.00000
     Deflect =

 Strip Forces referred to Strip Area, Chord
    j      Yle    Chord     Area     c cl      ai      cl_norm  cl       cd       cdv    cm_c/4    cm_LE  C.P.x/c
   121   0.0000   1.2152   0.0161  -0.0000  -0.0000  -0.0000  -0.0000   0.0000   0.0000  -0.0000   0.0000    0.057
   122   0.0000   1.2078   0.0261  -0.0000  -0.0000  -0.0000  -0.0000   0.0000   0.0000  -0.0000  -0.0000   -0.021
   123   0.0000   1.1968   0.0358  -0.0000  -0.0000  -0.0000  -0.0000  -0.0000   0.0000  -0.0000  -0.0000   -0.282
   124   0.0000   1.1824   0.0448  -0.0000  -0.0000  -0.0000  -0.0000  -0.0000   0.0000  -0.0000  -0.0000   -0.352
   125   0.0000   1.1646   0.0530  -0.0000  -0.0000  -0.0000  -0.0000  -0.0000   0.0000  -0.0000  -0.0000
   126   0.0000   1.1454   0.0506  -0.0000  -0.0000  -0.0000  -0.0000  -0.0000   0.0000  -0.0000  -0.0000
   127   0.0000   1.1254   0.0560  -0.0000  -0.0000  -0.0000  -0.0000  -0.0000   0.0000  -0.0000  -0.0000
   128   0.0000   1.1031   0.0606  -0.0000  -0.0000  -0.0000  -0.0000  -0.0000   0.0000  -0.0000  -0.0000
   129   0.0000   1.0787   0.0642  -0.0000  -0.0000  -0.0000  -0.0000  -0.0000   0.0000  -0.0000  -0.0000   -0.881
   130   0.0000   1.0525   0.0669  -0.0000  -0.0000  -0.0000  -0.0000  -0.0000   0.0000  -0.0000  -0.0000   -0.212
   131   0.0000   1.0247   0.0685  -0.0000  -0.0000  -0.0000  -0.0000   0.0000   0.0000  -0.0000   0.0000   -0.011
   132   0.0000   0.9956   0.0692  -0.0000  -0.0000  -0.0000  -0.0000  -0.0000   0.0000  -0.0000  -0.0000   -0.073
   133   0.0000   0.9655   0.0690  -0.0000  -0.0000  -0.0000  -0.0000   0.0000   0.0000  -0.0000   0.0000    0.105
   134   0.0000   0.9348   0.0680  -0.0000   0.0000  -0.0000  -0.0000   0.0000   0.0000  -0.0000   0.0000    0.087
   135   0.0000   0.9037   0.0662  -0.0000  -0.0000  -0.0000  -0.0000  -0.0000   0.0000  -0.0000   0.0000    0.108
   136   0.0000   0.8726   0.0636  -0.0000  -0.0000  -0.0000  -0.0000   0.0000   0.0000  -0.0000   0.0000    0.107
   137   0.0000   0.8417   0.0605  -0.0000  -0.0000  -0.0000  -0.0000  -0.0000   0.0000  -0.0000   0.0000    0.155
   138   0.0000   0.8114   0.0569  -0.0000  -0.0000  -0.0000  -0.0000  -0.0000   0.0000  -0.0000   0.0000    0.124
   139   0.0000   0.7821   0.0529  -0.0000  -0.0000  -0.0000  -0.0000   0.0000   0.0000  -0.0000   0.0000    0.141
   140   0.0000   0.7540   0.0485  -0.0000  -0.0000  -0.0000  -0.0000   0.0000   0.0000  -0.0000   0.0000    0.151
   141   0.0000   0.7274   0.0440  -0.0000  -0.0000  -0.0000  -0.0000   0.0000   0.0000  -0.0000   0.0000    0.150
   142   0.0000   0.7025   0.0393  -0.0000  -0.0000  -0.0000  -0.0000  -0.0000   0.0000  -0.0000   0.0000    0.134
   143   0.0000   0.6798   0.0346  -0.0000  -0.0000  -0.0000  -0.0000  -0.0000   0.0000  -0.0000   0.0000    0.142
   144   0.0000   0.6593   0.0298  -0.0000  -0.0000  -0.0000  -0.0000  -0.0000   0.0000  -0.0000   0.0000    0.121
   145   0.0000   0.6402   0.0283  -0.0000  -0.0000  -0.0000  -0.0000  -0.0000   0.0000  -0.0000   0.0000    0.125
   146   0.0000   0.6229   0.0230  -0.0000  -0.0000  -0.0000  -0.0000  -0.0000   0.0000  -0.0000   0.0000    0.122
   147   0.0000   0.6088   0.0177  -0.0000  -0.0000  -0.0000  -0.0000  -0.0000   0.0000  -0.0000   0.0000    0.106
   148   0.0000   0.5981   0.0126  -0.0000  -0.0000  -0.0000  -0.0000  -0.0000   0.0000  -0.0000   0.0000    0.092
   149   0.0000   0.5910   0.0075  -0.0000  -0.0000  -0.0000  -0.0000  -0.0000   0.0000  -0.0000   0.0000    0.088
   150   0.0000   0.5874   0.0025  -0.0000   0.0000  -0.0000  -0.0000  -0.0000   0.0000  -0.0000   0.0000    0.066
 ---------------------------------------------------------------
