 ---------------------------------------------------------------
 Surface and Strip Forces by surface

  Forces referred to Sref, Cref, Bref about Xref, Yref, Zref
 Standard axis orientation,  X fwd, Z down         

  Surface # 1     main_wing                               
     # Chordwise =  4   # Spanwise = 20     First strip =  1
     Surface area =    8.662523       Ave. chord =    1.689634
     CLsurf  =   0.33197     Clsurf  =  -0.06737
     CYsurf  =  -0.04377     Cmsurf  =  -0.01612
     CDsurf  =   0.01151     Cnsurf  =   0.00030
     CDisurf =   0.01151     CDvsurf =   0.00000

  Forces referred to Ssurf, Cave about hinge axis thru LE
     CLsurf  =   0.66399     CDsurf  =   0.02282
     Deflect =

 Strip Forces referred to Strip Area, Chord
    j      Yle    Chord     Area     c cl      ai      cl_norm  cl       cd       cdv    cm_c/4    cm_LE  C.P.x/c
     1   0.0076   2.1929   0.0672   1.9660   0.0610   0.8973   0.8972  -0.0037   0.0000  -0.1480  -0.3717    0.415
     2   0.0681   2.1809   0.1987   1.5383   0.0601   0.7049   0.7048   0.0277   0.0000  -0.1194  -0.2954    0.419
     3   0.1877   2.1571   0.3222   1.5061   0.0600   0.6977   0.6976   0.0291   0.0000  -0.1197  -0.2939    0.422
     4   0.3634   2.1222   0.4328   1.4986   0.0623   0.7056   0.7055   0.0310   0.0000  -0.1243  -0.3005    0.426
     5   0.5909   2.0770   0.5265   1.4907   0.0671   0.7173   0.7173   0.0246   0.0000  -0.1316  -0.3107    0.433
     6   0.8645   2.0227   0.6004   1.4845   0.0745   0.7334   0.7333   0.0309   0.0000  -0.1414  -0.3246    0.443
     7   1.1860   1.9589   0.6858   1.4588   0.0752   0.7442   0.7442   0.0289   0.0000  -0.1493  -0.3351    0.451
     8   1.5487   1.8868   0.7158   1.4040   0.0690   0.7436   0.7436   0.0273   0.0000  -0.1526  -0.3382    0.455
     9   1.9359   1.8100   0.7226   1.3300   0.0692   0.7344   0.7343   0.0261   0.0000  -0.1541  -0.3374    0.460
    10   2.3380   1.7301   0.7082   1.2464   0.0694   0.7201   0.7200   0.0233   0.0000  -0.1552  -0.3349    0.466
    11   2.7172   1.6548   0.5847   1.1610   0.0640   0.7013   0.7013   0.0206   0.0000  -0.1555  -0.3305    0.472
    12   3.0642   1.5859   0.5465   1.0744   0.0594   0.6772   0.6772   0.0193   0.0000  -0.1552  -0.3242    0.479
    13   3.3984   1.5195   0.4975   0.9848   0.0561   0.6479   0.6479   0.0181   0.0000  -0.1543  -0.3160    0.488
    14   3.7543   1.4488   0.5599   0.8866   0.0548   0.6118   0.6117   0.0172   0.0000  -0.1529  -0.3056    0.500
    15   4.1178   1.3766   0.4744   0.7776   0.0566   0.5647   0.5647   0.0152   0.0000  -0.1500  -0.2909    0.516
    16   4.4355   1.3135   0.3866   0.6593   0.0622   0.5017   0.5017   0.0156   0.0000  -0.1434  -0.2685    0.536
    17   4.6908   1.2629   0.2779   0.5404   0.0770   0.4277   0.4276   0.0156   0.0000  -0.1306  -0.2373    0.555
    18   4.8804   1.2252   0.1975   0.4107   0.0993   0.3349   0.3348   0.0153   0.0000  -0.1084  -0.1920    0.574
    19   5.0095   1.1996   0.1180   0.2597   0.1205   0.2163   0.2162   0.0117   0.0000  -0.0737  -0.1276    0.591
    20   5.0748   1.1866   0.0392   0.0892   0.1333   0.0750   0.0750   0.0049   0.0000  -0.0263  -0.0450    0.600

  Surface # 2     main_wing (YDUP)                        
     # Chordwise =  4   # Spanwise = 20     First strip = 21
     Surface area =    8.662523       Ave. chord =    1.689634
     CLsurf  =   0.33197     Clsurf  =   0.06737
     CYsurf  =   0.04377     Cmsurf  =  -0.01612
     CDsurf  =   0.01151     Cnsurf  =  -0.00030
     CDisurf =   0.01151     CDvsurf =   0.00000

  Forces referred to Ssurf, Cave about hinge axis thru LE
     CLsurf  =   0.66399     CDsurf  =   0.02282
     Deflect =

 Strip Forces referred to Strip Area, Chord
    j      Yle    Chord     Area     c cl      ai      cl_norm  cl       cd       cdv    cm_c/4    cm_LE  C.P.x/c
    21  -0.0076   2.1929   0.0672   1.9660   0.0610   0.8973   0.8972  -0.0037   0.0000  -0.1480   0.3717    0.415
    22  -0.0681   2.1809   0.1987   1.5383   0.0601   0.7049   0.7048   0.0277   0.0000  -0.1194   0.2954    0.419
    23  -0.1877   2.1571   0.3222   1.5061   0.0600   0.6977   0.6976   0.0291   0.0000  -0.1197   0.2939    0.422
    24  -0.3634   2.1222   0.4328   1.4986   0.0623   0.7056   0.7055   0.0310   0.0000  -0.1243   0.3005    0.426
    25  -0.5909   2.0770   0.5265   1.4907   0.0671   0.7173   0.7173   0.0246   0.0000  -0.1316   0.3107    0.433
    26  -0.8645   2.0227   0.6004   1.4845   0.0745   0.7334   0.7333   0.0309   0.0000  -0.1414   0.3246    0.443
    27  -1.1860   1.9589   0.6858   1.4588   0.0752   0.7442   0.7442   0.0289   0.0000  -0.1493   0.3351    0.451
    28  -1.5487   1.8868   0.7158   1.4040   0.0690   0.7436   0.7436   0.0273   0.0000  -0.1526   0.3382    0.455
    29  -1.9359   1.8100   0.7226   1.3300   0.0692   0.7344   0.7343   0.0261   0.0000  -0.1541   0.3374    0.460
    30  -2.3380   1.7301   0.7082   1.2464   0.0694   0.7201   0.7200   0.0233   0.0000  -0.1552   0.3349    0.466
    31  -2.7172   1.6548   0.5847   1.1610   0.0640   0.7013   0.7013   0.0206   0.0000  -0.1555   0.3305    0.472
    32  -3.0642   1.5859   0.5465   1.0744   0.0594   0.6772   0.6772   0.0193   0.0000  -0.1552   0.3242    0.479
    33  -3.3984   1.5195   0.4975   0.9848   0.0561   0.6479   0.6479   0.0181   0.0000  -0.1543   0.3160    0.488
    34  -3.7543   1.4488   0.5599   0.8866   0.0548   0.6118   0.6117   0.0172   0.0000  -0.1529   0.3056    0.500
    35  -4.1178   1.3766   0.4744   0.7776   0.0566   0.5647   0.5647   0.0152   0.0000  -0.1500   0.2909    0.516
    36  -4.4355   1.3135   0.3866   0.6593   0.0622   0.5017   0.5017   0.0156   0.0000  -0.1434   0.2685    0.536
    37  -4.6908   1.2629   0.2779   0.5404   0.0770   0.4277   0.4276   0.0156   0.0000  -0.1306   0.2373    0.555
    38  -4.8804   1.2252   0.1975   0.4107   0.0993   0.3349   0.3348   0.0153   0.0000  -0.1084   0.1920    0.574
    39  -5.0095   1.1996   0.1180   0.2597   0.1205   0.2163   0.2162   0.0117   0.0000  -0.0737   0.1276    0.591
    40  -5.0748   1.1866   0.0392   0.0892   0.1333   0.0750   0.0750   0.0049   0.0000  -0.0263   0.0450    0.600

  Surface # 3     horizontal_stabilizer                   
     # Chordwise =  4   # Spanwise = 20     First strip = 41
     Surface area =    2.000000       Ave. chord =    1.000000
     CLsurf  =  -0.01559     Clsurf  =   0.00134
     CYsurf  =   0.00012     Cmsurf  =   0.03911
     CDsurf  =  -0.00096     Cnsurf  =  -0.00009
     CDisurf =  -0.00096     CDvsurf =   0.00000

  Forces referred to Ssurf, Cave about hinge axis thru LE
     CLsurf  =  -0.13391     CDsurf  =  -0.00821
     Deflect =

 Strip Forces referred to Strip Area, Chord
    j      Yle    Chord     Area     c cl      ai      cl_norm  cl       cd       cdv    cm_c/4    cm_LE  C.P.x/c
    41   0.0028   1.1970   0.0135  -0.1636   0.0505  -0.1372  -0.1367  -0.0001   0.0000  -0.0020   0.0320    0.236
    42   0.0254   1.1926   0.0401  -0.1636   0.0506  -0.1374  -0.1370  -0.0074   0.0000  -0.0020   0.0321    0.235
    43   0.0698   1.1838   0.0652  -0.1635   0.0507  -0.1383  -0.1379  -0.0080   0.0000  -0.0021   0.0322    0.235
    44   0.1388   1.1701   0.0969  -0.1633   0.0509  -0.1398  -0.1393  -0.0083   0.0000  -0.0023   0.0324    0.234
    45   0.2319   1.1517   0.1186  -0.1629   0.0509  -0.1417  -0.1412  -0.0085   0.0000  -0.0025   0.0327    0.233
    46   0.3440   1.1296   0.1361  -0.1622   0.0508  -0.1438  -0.1434  -0.0087   0.0000  -0.0027   0.0330    0.231
    47   0.4722   1.1043   0.1492  -0.1610   0.0506  -0.1461  -0.1456  -0.0089   0.0000  -0.0029   0.0334    0.230
    48   0.6135   1.0764   0.1576  -0.1592   0.0503  -0.1481  -0.1476  -0.0092   0.0000  -0.0031   0.0337    0.229
    49   0.7642   1.0466   0.1613  -0.1562   0.0499  -0.1495  -0.1490  -0.0094   0.0000  -0.0034   0.0338    0.227
    50   0.9207   1.0157   0.1605  -0.1519   0.0493  -0.1498  -0.1493  -0.0094   0.0000  -0.0036   0.0336    0.226
    51   1.0793   0.9843   0.1555  -0.1457   0.0486  -0.1483  -0.1478  -0.0093   0.0000  -0.0039   0.0330    0.224
    52   1.2358   0.9534   0.1469  -0.1377   0.0477  -0.1447  -0.1442  -0.0091   0.0000  -0.0041   0.0318    0.221
    53   1.3865   0.9236   0.1353  -0.1276   0.0466  -0.1384  -0.1379  -0.0087   0.0000  -0.0045   0.0299    0.218
    54   1.5278   0.8957   0.1211  -0.1154   0.0453  -0.1291  -0.1287  -0.0080   0.0000  -0.0048   0.0273    0.213
    55   1.6560   0.8704   0.1049  -0.1013   0.0439  -0.1166  -0.1162  -0.0072   0.0000  -0.0051   0.0239    0.206
    56   1.7681   0.8483   0.0873  -0.0853   0.0425  -0.1007  -0.1004  -0.0061   0.0000  -0.0052   0.0198    0.198
    57   1.8612   0.8299   0.0687  -0.0675   0.0412  -0.0815  -0.0813  -0.0049   0.0000  -0.0051   0.0152    0.188
    58   1.9302   0.8162   0.0450  -0.0487   0.0402  -0.0598  -0.0596  -0.0035   0.0000  -0.0043   0.0106    0.178
    59   1.9746   0.8074   0.0271  -0.0296   0.0395  -0.0367  -0.0366  -0.0022   0.0000  -0.0029   0.0062    0.171
    60   1.9972   0.8030   0.0091  -0.0099   0.0392  -0.0124  -0.0123  -0.0008   0.0000  -0.0010   0.0021    0.167

  Surface # 4     horizontal_stabilizer (YDUP)            
     # Chordwise =  4   # Spanwise = 20     First strip = 61
     Surface area =    2.000000       Ave. chord =    1.000000
     CLsurf  =  -0.01559     Clsurf  =  -0.00134
     CYsurf  =  -0.00012     Cmsurf  =   0.03911
     CDsurf  =  -0.00096     Cnsurf  =   0.00009
     CDisurf =  -0.00096     CDvsurf =   0.00000

  Forces referred to Ssurf, Cave about hinge axis thru LE
     CLsurf  =  -0.13391     CDsurf  =  -0.00821
     Deflect =

 Strip Forces referred to Strip Area, Chord
    j      Yle    Chord     Area     c cl      ai      cl_norm  cl       cd       cdv    cm_c/4    cm_LE  C.P.x/c
    61  -0.0028   1.1970   0.0135  -0.1636   0.0505  -0.1372  -0.1367  -0.0001   0.0000  -0.0020  -0.0320    0.236
    62  -0.0254   1.1926   0.0401  -0.1636   0.0506  -0.1374  -0.1370  -0.0074   0.0000  -0.0020  -0.0321    0.235
    63  -0.0698   1.1838   0.0652  -0.1635   0.0507  -0.1383  -0.1379  -0.0080   0.0000  -0.0021  -0.0322    0.235
    64  -0.1388   1.1701   0.0969  -0.1633   0.0509  -0.1398  -0.1393  -0.0083   0.0000  -0.0023  -0.0324    0.234
    65  -0.2319   1.1517   0.1186  -0.1629   0.0509  -0.1417  -0.1412  -0.0085   0.0000  -0.0025  -0.0327    0.233
    66  -0.3440   1.1296   0.1361  -0.1622   0.0508  -0.1438  -0.1434  -0.0087   0.0000  -0.0027  -0.0330    0.231
    67  -0.4722   1.1043   0.1492  -0.1610   0.0506  -0.1461  -0.1456  -0.0089   0.0000  -0.0029  -0.0334    0.230
    68  -0.6135   1.0764   0.1576  -0.1592   0.0503  -0.1481  -0.1476  -0.0092   0.0000  -0.0031  -0.0337    0.229
    69  -0.7642   1.0466   0.1613  -0.1562   0.0499  -0.1495  -0.1490  -0.0094   0.0000  -0.0034  -0.0338    0.227
    70  -0.9207   1.0157   0.1605  -0.1519   0.0493  -0.1498  -0.1493  -0.0094   0.0000  -0.0036  -0.0336    0.226
    71  -1.0793   0.9843   0.1555  -0.1457   0.0486  -0.1483  -0.1478  -0.0093   0.0000  -0.0039  -0.0330    0.224
    72  -1.2358   0.9534   0.1469  -0.1377   0.0477  -0.1447  -0.1442  -0.0091   0.0000  -0.0041  -0.0318    0.221
    73  -1.3865   0.9236   0.1353  -0.1276   0.0466  -0.1384  -0.1379  -0.0087   0.0000  -0.0045  -0.0299    0.218
    74  -1.5278   0.8957   0.1211  -0.1154   0.0453  -0.1291  -0.1287  -0.0080   0.0000  -0.0048  -0.0273    0.213
    75  -1.6560   0.8704   0.1049  -0.1013   0.0439  -0.1166  -0.1162  -0.0072   0.0000  -0.0051  -0.0239    0.206
    76  -1.7681   0.8483   0.0873  -0.0853   0.0425  -0.1007  -0.1004  -0.0061   0.0000  -0.0052  -0.0198    0.198
    77  -1.8612   0.8299   0.0687  -0.0675   0.0412  -0.0815  -0.0813  -0.0049   0.0000  -0.0051  -0.0152    0.188
    78  -1.9302   0.8162   0.0450  -0.0487   0.0402  -0.0598  -0.0596  -0.0035   0.0000  -0.0043  -0.0106    0.178
    79  -1.9746   0.8074   0.0271  -0.0296   0.0395  -0.0367  -0.0366  -0.0022   0.0000  -0.0029  -0.0062    0.171
    80  -1.9972   0.8030   0.0091  -0.0099   0.0392  -0.0124  -0.0123  -0.0008   0.0000  -0.0010  -0.0021    0.167

  Surface # 5     vertical_stabilizer                     
     # Chordwise =  4   # Spanwise = 20     First strip = 81
     Surface area =    1.336680       Ave. chord =    0.902187
     CLsurf  =   0.00000     Clsurf  =  -0.00000
     CYsurf  =  -0.00000     Cmsurf  =  -0.00000
     CDsurf  =  -0.00000     Cnsurf  =   0.00000
     CDisurf =  -0.00000     CDvsurf =   0.00000

  Forces referred to Ssurf, Cave about hinge axis thru LE
     CLsurf  =   0.00000     CDsurf  =  -0.00000
     Deflect =

 Strip Forces referred to Strip Area, Chord
    j      Yle    Chord     Area     c cl      ai      cl_norm  cl       cd       cdv    cm_c/4    cm_LE  C.P.x/c
    81   0.0000   1.2147   0.0206   0.0000   0.0000   0.0000   0.0000  -0.0000   0.0000   0.0000  -0.0000    0.114
    82   0.0000   1.2045   0.0371   0.0000   0.0000   0.0000   0.0000  -0.0000   0.0000   0.0000  -0.0000    0.211
    83   0.0000   1.1886   0.0523   0.0000   0.0000   0.0000   0.0000   0.0000   0.0000   0.0000  -0.0000    0.119
    84   0.0000   1.1671   0.0658   0.0000  -0.0000   0.0000   0.0000  -0.0000   0.0000   0.0000  -0.0000    0.136
    85   0.0000   1.1382   0.0906   0.0000   0.0000   0.0000   0.0000   0.0000   0.0000  -0.0000  -0.0000    0.263
    86   0.0000   1.1018   0.1003   0.0000   0.0000   0.0000   0.0000  -0.0000   0.0000   0.0000  -0.0000    0.249
    87   0.0000   1.0610   0.1064   0.0000   0.0000   0.0000   0.0000   0.0000   0.0000  -0.0000  -0.0000    0.285
    88   0.0000   1.0166   0.1091   0.0000   0.0000   0.0000   0.0000   0.0000   0.0000   0.0000  -0.0000    0.219
    89   0.0000   0.9698   0.1086   0.0000   0.0000   0.0000   0.0000  -0.0000   0.0000   0.0000   0.0000   -0.054
    90   0.0000   0.9216   0.1050   0.0000   0.0000   0.0000   0.0000   0.0000   0.0000   0.0000  -0.0000    0.235
    91   0.0000   0.8731   0.0989   0.0000   0.0000   0.0000   0.0000  -0.0000   0.0000   0.0000  -0.0000    0.199
    92   0.0000   0.8255   0.0908   0.0000  -0.0000   0.0000   0.0000   0.0000   0.0000   0.0000  -0.0000    0.245
    93   0.0000   0.7798   0.0812   0.0000   0.0000   0.0000   0.0000  -0.0000   0.0000  -0.0000  -0.0000    0.257
    94   0.0000   0.7371   0.0706   0.0000   0.0000   0.0000   0.0000   0.0000   0.0000   0.0000  -0.0000    0.042
    95   0.0000   0.6985   0.0595   0.0000   0.0000   0.0000   0.0000   0.0000   0.0000   0.0000  -0.0000    0.234
    96   0.0000   0.6647   0.0483   0.0000   0.0000   0.0000   0.0000  -0.0000   0.0000  -0.0000  -0.0000    0.342
    97   0.0000   0.6356   0.0405   0.0000   0.0000   0.0000   0.0000  -0.0000   0.0000   0.0000  -0.0000    0.239
    98   0.0000   0.6120   0.0285   0.0000  -0.0000   0.0000   0.0000  -0.0000   0.0000   0.0000  -0.0000    0.237
    99   0.0000   0.5960   0.0169   0.0000   0.0000   0.0000   0.0000   0.0000   0.0000   0.0000  -0.0000    0.113
   100   0.0000   0.5879   0.0056   0.0000   0.0000   0.0000   0.0000   0.0000   0.0000   0.0000  -0.0000    0.139
 ---------------------------------------------------------------
