 ---------------------------------------------------------------
 Surface and Strip Forces by surface

  Forces referred to Sref, Cref, Bref about Xref, Yref, Zref
 Standard axis orientation,  X fwd, Z down         

  Surface # 1     main_wing                               
     # Chordwise = 10   # Spanwise = 30     First strip =  1
     Surface area =    8.662745       Ave. chord =    1.689678
     CLsurf  =   0.91882     Clsurf  =  -0.18460
     CYsurf  =  -0.13513     Cmsurf  =  -0.11954
     CDsurf  =   0.09021     Cnsurf  =  -0.01024
     CDisurf =   0.09021     CDvsurf =   0.00000

  Forces referred to Ssurf, Cave about hinge axis thru LE
     CLsurf  =   1.84125     CDsurf  =   0.17887
     Deflect =

 Strip Forces referred to Strip Area, Chord
    j      Yle    Chord     Area     c cl      ai      cl_norm  cl       cd       cdv    cm_c/4    cm_LE  C.P.x/c
     1   0.0034   2.1937   0.0299   9.9986   0.2143   4.5476   4.5445   0.4695   0.0000  -0.3923  -1.5310    0.336
     2   0.0304   2.1884   0.0891   4.6846   0.2122   2.1296   2.1282   0.2564   0.0000  -0.2156  -0.7512    0.351
     3   0.0840   2.1777   0.1468   4.2738   0.2096   1.9538   1.9525   0.2270   0.0000  -0.2028  -0.6939    0.354
     4   0.1638   2.1619   0.2017   4.1773   0.2082   1.9239   1.9226   0.2223   0.0000  -0.2015  -0.6850    0.355
     5   0.2688   2.1410   0.2531   4.1050   0.2080   1.9111   1.9098   0.2088   0.0000  -0.2047  -0.6845    0.357
     6   0.3979   2.1154   0.3000   4.1589   0.2087   1.9566   1.9552   0.2316   0.0000  -0.2094  -0.7014    0.357
     7   0.5496   2.0852   0.3417   4.1825   0.2104   1.9988   1.9975   0.2207   0.0000  -0.2216  -0.7235    0.361
     8   0.7223   2.0509   0.3776   4.0850   0.2133   1.9875   1.9861   0.2042   0.0000  -0.2289  -0.7273    0.365
     9   0.9142   2.0128   0.4073   4.0263   0.2173   1.9952   1.9938   0.2100   0.0000  -0.2334  -0.7339    0.367
    10   1.1285   1.9703   0.4526   3.9671   0.2155   2.0090   2.0076   0.2074   0.0000  -0.2457  -0.7495    0.372
    11   1.3637   1.9236   0.4694   3.9096   0.2071   2.0294   2.0280   0.2012   0.0000  -0.2504  -0.7590    0.373
    12   1.6118   1.8743   0.4793   3.8069   0.1993   2.0290   2.0276   0.1954   0.0000  -0.2529  -0.7611    0.375
    13   1.8700   1.8230   0.4823   3.6703   0.1922   2.0110   2.0096   0.1949   0.0000  -0.2546  -0.7584    0.377
    14   2.1357   1.7703   0.4789   3.5437   0.1857   2.0003   1.9990   0.1890   0.0000  -0.2557  -0.7566    0.378
    15   2.4057   1.7167   0.4695   3.4070   0.1794   1.9841   1.9827   0.1824   0.0000  -0.2569  -0.7535    0.380
    16   2.6723   1.6637   0.4384   3.2711   0.1742   1.9670   1.9656   0.1725   0.0000  -0.2571  -0.7490    0.381
    17   2.9325   1.6120   0.4201   3.1016   0.1703   1.9246   1.9232   0.1705   0.0000  -0.2553  -0.7367    0.383
    18   3.1884   1.5612   0.3979   2.9512   0.1673   1.8920   1.8907   0.1611   0.0000  -0.2541  -0.7270    0.384
    19   3.4372   1.5118   0.3724   2.7732   0.1651   1.8365   1.8352   0.1536   0.0000  -0.2505  -0.7095    0.387
    20   3.6775   1.4641   0.3480   2.5864   0.1644   1.7684   1.7671   0.1494   0.0000  -0.2454  -0.6874    0.389
    21   3.9066   1.4186   0.3174   2.3900   0.1654   1.6860   1.6848   0.1453   0.0000  -0.2388  -0.6603    0.392
    22   4.1206   1.3761   0.2853   2.1862   0.1676   1.5896   1.5885   0.1383   0.0000  -0.2297  -0.6271    0.395
    23   4.3172   1.3370   0.2522   1.9751   0.1711   1.4780   1.4770   0.1290   0.0000  -0.2185  -0.5880    0.398
    24   4.4942   1.3019   0.2186   1.7517   0.1758   1.3457   1.3448   0.1199   0.0000  -0.2036  -0.5402    0.401
    25   4.6536   1.2702   0.1944   1.5251   0.1853   1.2004   1.1996   0.1098   0.0000  -0.1851  -0.4855    0.404
    26   4.7929   1.2426   0.1585   1.2721   0.1989   1.0219   1.0212   0.1029   0.0000  -0.1611  -0.4172    0.408
    27   4.9062   1.2201   0.1229   1.0088   0.2125   0.8245   0.8239   0.0880   0.0000  -0.1325  -0.3394    0.411
    28   4.9923   1.2030   0.0875   0.7311   0.2256   0.6053   0.6049   0.0687   0.0000  -0.0992  -0.2512    0.414
    29   5.0502   1.1915   0.0524   0.4444   0.2371   0.3711   0.3708   0.0448   0.0000  -0.0617  -0.1550    0.416
    30   5.0794   1.1857   0.0174   0.1499   0.2442   0.1256   0.1255   0.0161   0.0000  -0.0210  -0.0527    0.418

  Surface # 2     main_wing (YDUP)                        
     # Chordwise = 10   # Spanwise = 30     First strip = 31
     Surface area =    8.662745       Ave. chord =    1.689678
     CLsurf  =   0.91882     Clsurf  =   0.18460
     CYsurf  =   0.13513     Cmsurf  =  -0.11954
     CDsurf  =   0.09021     Cnsurf  =   0.01024
     CDisurf =   0.09021     CDvsurf =   0.00000

  Forces referred to Ssurf, Cave about hinge axis thru LE
     CLsurf  =   1.84125     CDsurf  =   0.17887
     Deflect =

 Strip Forces referred to Strip Area, Chord
    j      Yle    Chord     Area     c cl      ai      cl_norm  cl       cd       cdv    cm_c/4    cm_LE  C.P.x/c
    31  -0.0034   2.1937   0.0299   9.9986   0.2143   4.5476   4.5445   0.4695   0.0000  -0.3923   1.5310    0.336
    32  -0.0304   2.1884   0.0891   4.6846   0.2122   2.1296   2.1282   0.2564   0.0000  -0.2156   0.7512    0.351
    33  -0.0840   2.1777   0.1468   4.2738   0.2096   1.9538   1.9525   0.2270   0.0000  -0.2028   0.6939    0.354
    34  -0.1638   2.1619   0.2017   4.1773   0.2082   1.9239   1.9226   0.2223   0.0000  -0.2015   0.6850    0.355
    35  -0.2688   2.1410   0.2531   4.1050   0.2080   1.9111   1.9098   0.2088   0.0000  -0.2047   0.6845    0.357
    36  -0.3979   2.1154   0.3000   4.1589   0.2087   1.9566   1.9552   0.2316   0.0000  -0.2094   0.7014    0.357
    37  -0.5496   2.0852   0.3417   4.1825   0.2104   1.9988   1.9975   0.2207   0.0000  -0.2216   0.7235    0.361
    38  -0.7223   2.0509   0.3776   4.0850   0.2133   1.9875   1.9861   0.2042   0.0000  -0.2289   0.7273    0.365
    39  -0.9142   2.0128   0.4073   4.0263   0.2173   1.9952   1.9938   0.2100   0.0000  -0.2334   0.7339    0.367
    40  -1.1285   1.9703   0.4526   3.9671   0.2155   2.0090   2.0076   0.2074   0.0000  -0.2457   0.7495    0.372
    41  -1.3637   1.9236   0.4694   3.9096   0.2071   2.0294   2.0280   0.2012   0.0000  -0.2504   0.7590    0.373
    42  -1.6118   1.8743   0.4793   3.8069   0.1993   2.0290   2.0276   0.1954   0.0000  -0.2529   0.7611    0.375
    43  -1.8700   1.8230   0.4823   3.6703   0.1922   2.0110   2.0096   0.1949   0.0000  -0.2546   0.7584    0.377
    44  -2.1357   1.7703   0.4789   3.5437   0.1857   2.0003   1.9990   0.1890   0.0000  -0.2557   0.7566    0.378
    45  -2.4057   1.7167   0.4695   3.4070   0.1794   1.9841   1.9827   0.1824   0.0000  -0.2569   0.7535    0.380
    46  -2.6723   1.6637   0.4384   3.2711   0.1742   1.9670   1.9656   0.1725   0.0000  -0.2571   0.7490    0.381
    47  -2.9325   1.6120   0.4201   3.1015   0.1703   1.9246   1.9232   0.1705   0.0000  -0.2553   0.7367    0.383
    48  -3.1884   1.5612   0.3979   2.9512   0.1673   1.8920   1.8907   0.1611   0.0000  -0.2541   0.7270    0.384
    49  -3.4372   1.5118   0.3724   2.7732   0.1651   1.8365   1.8352   0.1536   0.0000  -0.2505   0.7095    0.387
    50  -3.6775   1.4641   0.3480   2.5864   0.1644   1.7684   1.7671   0.1494   0.0000  -0.2454   0.6874    0.389
    51  -3.9066   1.4186   0.3174   2.3900   0.1654   1.6860   1.6848   0.1453   0.0000  -0.2388   0.6603    0.392
    52  -4.1206   1.3761   0.2853   2.1862   0.1676   1.5896   1.5885   0.1383   0.0000  -0.2297   0.6271    0.395
    53  -4.3172   1.3370   0.2522   1.9751   0.1711   1.4780   1.4770   0.1290   0.0000  -0.2185   0.5880    0.398
    54  -4.4942   1.3019   0.2186   1.7517   0.1758   1.3457   1.3448   0.1199   0.0000  -0.2036   0.5402    0.401
    55  -4.6536   1.2702   0.1944   1.5251   0.1853   1.2004   1.1996   0.1098   0.0000  -0.1851   0.4855    0.404
    56  -4.7929   1.2426   0.1585   1.2721   0.1989   1.0219   1.0212   0.1029   0.0000  -0.1611   0.4172    0.408
    57  -4.9062   1.2201   0.1229   1.0088   0.2125   0.8245   0.8239   0.0880   0.0000  -0.1325   0.3394    0.411
    58  -4.9923   1.2030   0.0875   0.7311   0.2256   0.6053   0.6049   0.0687   0.0000  -0.0992   0.2512    0.414
    59  -5.0502   1.1915   0.0524   0.4444   0.2371   0.3711   0.3708   0.0448   0.0000  -0.0617   0.1550    0.416
    60  -5.0794   1.1857   0.0174   0.1499   0.2442   0.1256   0.1255   0.0161   0.0000  -0.0210   0.0527    0.418

  Surface # 3     horizontal_stabilizer                   
     # Chordwise = 10   # Spanwise = 30     First strip = 61
     Surface area =    2.000000       Ave. chord =    1.000000
     CLsurf  =   0.00005     Clsurf  =   0.00004
     CYsurf  =   0.00001     Cmsurf  =  -0.00025
     CDsurf  =   0.00001     Cnsurf  =  -0.00000
     CDisurf =   0.00001     CDvsurf =   0.00000

  Forces referred to Ssurf, Cave about hinge axis thru LE
     CLsurf  =   0.00043     CDsurf  =   0.00006
     Deflect =

 Strip Forces referred to Strip Area, Chord
    j      Yle    Chord     Area     c cl      ai      cl_norm  cl       cd       cdv    cm_c/4    cm_LE  C.P.x/c
    61   0.0016   1.1973   0.0076   0.0134   0.1919   0.0110   0.0110   0.0020   0.0000  -0.0008  -0.0036    0.322
    62   0.0142   1.1948   0.0226   0.0134   0.1919   0.0110   0.0110   0.0019   0.0000  -0.0008  -0.0036    0.322
    63   0.0394   1.1898   0.0373   0.0133   0.1918   0.0111   0.0110   0.0019   0.0000  -0.0008  -0.0036    0.322
    64   0.0768   1.1824   0.0513   0.0132   0.1917   0.0110   0.0110   0.0019   0.0000  -0.0008  -0.0036    0.323
    65   0.1222   1.1734   0.0549   0.0129   0.1916   0.0109   0.0108   0.0019   0.0000  -0.0008  -0.0036    0.327
    66   0.1738   1.1632   0.0653   0.0124   0.1913   0.0105   0.0105   0.0018   0.0000  -0.0009  -0.0035    0.333
    67   0.2344   1.1513   0.0747   0.0117   0.1909   0.0100   0.0100   0.0018   0.0000  -0.0009  -0.0035    0.344
    68   0.3034   1.1376   0.0830   0.0106   0.1903   0.0092   0.0092   0.0016   0.0000  -0.0011  -0.0034    0.364
    69   0.3800   1.1225   0.0900   0.0093   0.1895   0.0082   0.0081   0.0014   0.0000  -0.0012  -0.0032    0.398
    70   0.4634   1.1060   0.0957   0.0076   0.1886   0.0068   0.0067   0.0012   0.0000  -0.0014  -0.0031    0.456
    71   0.5527   1.0884   0.1000   0.0056   0.1877   0.0051   0.0051   0.0009   0.0000  -0.0016  -0.0029    0.567
    72   0.6469   1.0697   0.1030   0.0035   0.1867   0.0032   0.0032   0.0006   0.0000  -0.0018  -0.0026    0.829
    73   0.7450   1.0504   0.1046   0.0013   0.1856   0.0012   0.0012   0.0002   0.0000  -0.0021  -0.0024    1.996
    74   0.8459   1.0304   0.1050  -0.0008   0.1846  -0.0008  -0.0008  -0.0002   0.0000  -0.0023  -0.0021
    75   0.9484   1.0102   0.1040  -0.0027   0.1837  -0.0027  -0.0027  -0.0005   0.0000  -0.0025  -0.0018   -0.701
    76   1.0516   0.9898   0.1019  -0.0043   0.1829  -0.0043  -0.0043  -0.0008   0.0000  -0.0027  -0.0016   -0.375
    77   1.1541   0.9696   0.0987  -0.0056   0.1821  -0.0057  -0.0056  -0.0010   0.0000  -0.0028  -0.0014   -0.247
    78   1.2550   0.9496   0.0946  -0.0064   0.1813  -0.0066  -0.0066  -0.0012   0.0000  -0.0029  -0.0012   -0.182
    79   1.3531   0.9303   0.0896  -0.0068   0.1807  -0.0072  -0.0072  -0.0013   0.0000  -0.0029  -0.0010   -0.146
    80   1.4473   0.9116   0.0838  -0.0069   0.1801  -0.0075  -0.0074  -0.0014   0.0000  -0.0028  -0.0009   -0.126
    81   1.5366   0.8940   0.0773  -0.0067   0.1796  -0.0074  -0.0073  -0.0013   0.0000  -0.0027  -0.0008   -0.116
    82   1.6200   0.8775   0.0703  -0.0062   0.1791  -0.0070  -0.0070  -0.0013   0.0000  -0.0025  -0.0008   -0.115
    83   1.6966   0.8624   0.0629  -0.0056   0.1787  -0.0064  -0.0064  -0.0012   0.0000  -0.0024  -0.0007   -0.119
    84   1.7656   0.8487   0.0551  -0.0049   0.1784  -0.0056  -0.0056  -0.0010   0.0000  -0.0021  -0.0007   -0.129
    85   1.8262   0.8368   0.0470  -0.0041   0.1782  -0.0048  -0.0048  -0.0009   0.0000  -0.0019  -0.0007   -0.142
    86   1.8778   0.8266   0.0387  -0.0033   0.1780  -0.0040  -0.0040  -0.0007   0.0000  -0.0016  -0.0006   -0.158
    87   1.9232   0.8176   0.0355  -0.0025   0.1778  -0.0031  -0.0031  -0.0006   0.0000  -0.0013  -0.0005   -0.177
    88   1.9606   0.8102   0.0254  -0.0018   0.1777  -0.0022  -0.0022  -0.0004   0.0000  -0.0010  -0.0004   -0.197
    89   1.9858   0.8052   0.0153  -0.0010   0.1776  -0.0013  -0.0013  -0.0002   0.0000  -0.0006  -0.0003   -0.213
    90   1.9984   0.8027   0.0051  -0.0003   0.1776  -0.0004  -0.0004  -0.0001   0.0000  -0.0002  -0.0001   -0.222

  Surface # 4     horizontal_stabilizer (YDUP)            
     # Chordwise = 10   # Spanwise = 30     First strip = 91
     Surface area =    2.000000       Ave. chord =    1.000000
     CLsurf  =   0.00005     Clsurf  =  -0.00004
     CYsurf  =  -0.00001     Cmsurf  =  -0.00025
     CDsurf  =   0.00001     Cnsurf  =   0.00000
     CDisurf =   0.00001     CDvsurf =   0.00000

  Forces referred to Ssurf, Cave about hinge axis thru LE
     CLsurf  =   0.00043     CDsurf  =   0.00006
     Deflect =

 Strip Forces referred to Strip Area, Chord
    j      Yle    Chord     Area     c cl      ai      cl_norm  cl       cd       cdv    cm_c/4    cm_LE  C.P.x/c
    91  -0.0016   1.1973   0.0076   0.0134   0.1919   0.0110   0.0110   0.0020   0.0000  -0.0008   0.0036    0.322
    92  -0.0142   1.1948   0.0226   0.0134   0.1919   0.0110   0.0110   0.0019   0.0000  -0.0008   0.0036    0.322
    93  -0.0394   1.1898   0.0373   0.0133   0.1918   0.0111   0.0110   0.0019   0.0000  -0.0008   0.0036    0.322
    94  -0.0768   1.1824   0.0513   0.0132   0.1917   0.0110   0.0110   0.0019   0.0000  -0.0008   0.0036    0.323
    95  -0.1222   1.1734   0.0549   0.0129   0.1916   0.0109   0.0108   0.0019   0.0000  -0.0008   0.0036    0.327
    96  -0.1738   1.1632   0.0653   0.0124   0.1913   0.0105   0.0105   0.0018   0.0000  -0.0009   0.0035    0.333
    97  -0.2344   1.1513   0.0747   0.0117   0.1909   0.0100   0.0100   0.0018   0.0000  -0.0009   0.0035    0.344
    98  -0.3034   1.1376   0.0830   0.0106   0.1903   0.0092   0.0092   0.0016   0.0000  -0.0011   0.0034    0.364
    99  -0.3800   1.1225   0.0900   0.0093   0.1895   0.0082   0.0081   0.0014   0.0000  -0.0012   0.0032    0.398
   100  -0.4634   1.1060   0.0957   0.0076   0.1886   0.0068   0.0067   0.0012   0.0000  -0.0014   0.0031    0.456
   101  -0.5527   1.0884   0.1000   0.0056   0.1877   0.0051   0.0051   0.0009   0.0000  -0.0016   0.0029    0.567
   102  -0.6469   1.0697   0.1030   0.0035   0.1867   0.0032   0.0032   0.0006   0.0000  -0.0018   0.0026    0.829
   103  -0.7450   1.0504   0.1046   0.0013   0.1856   0.0012   0.0012   0.0002   0.0000  -0.0021   0.0024    1.996
   104  -0.8459   1.0304   0.1050  -0.0008   0.1846  -0.0008  -0.0008  -0.0002   0.0000  -0.0023   0.0021
   105  -0.9484   1.0102   0.1040  -0.0027   0.1837  -0.0027  -0.0027  -0.0005   0.0000  -0.0025   0.0018   -0.701
   106  -1.0516   0.9898   0.1019  -0.0043   0.1829  -0.0043  -0.0043  -0.0008   0.0000  -0.0027   0.0016   -0.375
   107  -1.1541   0.9696   0.0987  -0.0056   0.1821  -0.0057  -0.0056  -0.0010   0.0000  -0.0028   0.0014   -0.247
   108  -1.2550   0.9496   0.0946  -0.0064   0.1813  -0.0066  -0.0066  -0.0012   0.0000  -0.0029   0.0012   -0.182
   109  -1.3531   0.9303   0.0896  -0.0068   0.1807  -0.0072  -0.0072  -0.0013   0.0000  -0.0029   0.0010   -0.146
   110  -1.4473   0.9116   0.0838  -0.0069   0.1801  -0.0075  -0.0074  -0.0014   0.0000  -0.0028   0.0009   -0.126
   111  -1.5366   0.8940   0.0773  -0.0067   0.1796  -0.0074  -0.0073  -0.0013   0.0000  -0.0027   0.0008   -0.116
   112  -1.6200   0.8775   0.0703  -0.0062   0.1791  -0.0070  -0.0070  -0.0013   0.0000  -0.0025   0.0008   -0.115
   113  -1.6966   0.8624   0.0629  -0.0056   0.1787  -0.0064  -0.0064  -0.0012   0.0000  -0.0024   0.0007   -0.119
   114  -1.7656   0.8487   0.0551  -0.0049   0.1784  -0.0056  -0.0056  -0.0010   0.0000  -0.0021   0.0007   -0.129
   115  -1.8262   0.8368   0.0470  -0.0041   0.1782  -0.0048  -0.0048  -0.0009   0.0000  -0.0019   0.0007   -0.142
   116  -1.8778   0.8266   0.0387  -0.0033   0.1780  -0.0040  -0.0040  -0.0007   0.0000  -0.0016   0.0006   -0.158
   117  -1.9232   0.8176   0.0355  -0.0025   0.1778  -0.0031  -0.0031  -0.0006   0.0000  -0.0013   0.0005   -0.177
   118  -1.9606   0.8102   0.0254  -0.0018   0.1777  -0.0022  -0.0022  -0.0004   0.0000  -0.0010   0.0004   -0.197
   119  -1.9858   0.8052   0.0153  -0.0010   0.1776  -0.0013  -0.0013  -0.0002   0.0000  -0.0006   0.0003   -0.213
   120  -1.9984   0.8027   0.0051  -0.0003   0.1776  -0.0004  -0.0004  -0.0001   0.0000  -0.0002   0.0001   -0.222

  Surface # 5     vertical_stabilizer                     
     # Chordwise = 10   # Spanwise = 30     First strip =121
     Surface area =    1.336749       Ave. chord =    0.902233
     CLsurf  =   0.00000     Clsurf  =   0.00000
     CYsurf  =   0.00000     Cmsurf  =  -0.00000
     CDsurf  =  -0.00000     Cnsurf  =  -0.00000
     CDisurf =  -0.00000     CDvsurf =   0.00000

  Forces referred to Ssurf, Cave about hinge axis thru LE
     CLsurf  =  -0.00000     CDsurf  =  -0.00000
     Deflect =

 Strip Forces referred to Strip Area, Chord
    j      Yle    Chord     Area     c cl      ai      cl_norm  cl       cd       cdv    cm_c/4    cm_LE  C.P.x/c
   121   0.0000   1.2152   0.0161  -0.0000   0.0000  -0.0000  -0.0000   0.0000   0.0000  -0.0000   0.0000    0.150
   122   0.0000   1.2078   0.0261  -0.0000  -0.0000  -0.0000  -0.0000   0.0000   0.0000  -0.0000   0.0000    0.161
   123   0.0000   1.1968   0.0358  -0.0000   0.0000  -0.0000  -0.0000  -0.0000   0.0000  -0.0000   0.0000    0.162
   124   0.0000   1.1824   0.0448  -0.0000   0.0000  -0.0000  -0.0000  -0.0000   0.0000  -0.0000   0.0000    0.173
   125   0.0000   1.1646   0.0530  -0.0000   0.0000  -0.0000  -0.0000  -0.0000   0.0000  -0.0000   0.0000    0.174
   126   0.0000   1.1454   0.0506  -0.0000   0.0000  -0.0000  -0.0000  -0.0000   0.0000  -0.0000   0.0000    0.168
   127   0.0000   1.1254   0.0560  -0.0000  -0.0000  -0.0000  -0.0000  -0.0000   0.0000  -0.0000   0.0000    0.169
   128   0.0000   1.1031   0.0606  -0.0000   0.0000  -0.0000  -0.0000  -0.0000   0.0000  -0.0000   0.0000    0.170
   129   0.0000   1.0787   0.0642  -0.0000   0.0000  -0.0000  -0.0000  -0.0000   0.0000  -0.0000   0.0000    0.171
   130   0.0000   1.0525   0.0669  -0.0000  -0.0000  -0.0000  -0.0000  -0.0000   0.0000  -0.0000   0.0000    0.176
   131   0.0000   1.0247   0.0685  -0.0000  -0.0000  -0.0000  -0.0000  -0.0000   0.0000  -0.0000   0.0000    0.186
   132   0.0000   0.9956   0.0692  -0.0000   0.0000  -0.0000  -0.0000   0.0000   0.0000  -0.0000   0.0000    0.179
   133   0.0000   0.9655   0.0690  -0.0000   0.0000  -0.0000  -0.0000  -0.0000   0.0000  -0.0000   0.0000    0.180
   134   0.0000   0.9348   0.0680  -0.0000   0.0000  -0.0000  -0.0000  -0.0000   0.0000  -0.0000   0.0000    0.184
   135   0.0000   0.9037   0.0662  -0.0000   0.0000  -0.0000  -0.0000  -0.0000   0.0000  -0.0000   0.0000    0.191
   136   0.0000   0.8726   0.0636  -0.0000   0.0000  -0.0000  -0.0000  -0.0000   0.0000  -0.0000   0.0000    0.178
   137   0.0000   0.8417   0.0605  -0.0000   0.0000  -0.0000  -0.0000  -0.0000   0.0000  -0.0000   0.0000    0.174
   138   0.0000   0.8114   0.0569  -0.0000   0.0000  -0.0000  -0.0000  -0.0000   0.0000  -0.0000   0.0000    0.176
   139   0.0000   0.7821   0.0529  -0.0000  -0.0000  -0.0000  -0.0000  -0.0000   0.0000  -0.0000   0.0000    0.173
   140   0.0000   0.7540   0.0485  -0.0000  -0.0000  -0.0000  -0.0000  -0.0000   0.0000  -0.0000   0.0000    0.166
   141   0.0000   0.7274   0.0440  -0.0000   0.0000  -0.0000  -0.0000  -0.0000   0.0000  -0.0000   0.0000    0.163
   142   0.0000   0.7025   0.0393  -0.0000   0.0000  -0.0000  -0.0000  -0.0000   0.0000  -0.0000   0.0000    0.154
   143   0.0000   0.6798   0.0346  -0.0000  -0.0000  -0.0000  -0.0000  -0.0000   0.0000  -0.0000   0.0000    0.153
   144   0.0000   0.6593   0.0298  -0.0000   0.0000  -0.0000  -0.0000  -0.0000   0.0000  -0.0000   0.0000    0.147
   145   0.0000   0.6402   0.0283  -0.0000   0.0000  -0.0000  -0.0000  -0.0000   0.0000  -0.0000   0.0000    0.138
   146   0.0000   0.6229   0.0230  -0.0000  -0.0000  -0.0000  -0.0000  -0.0000   0.0000  -0.0000   0.0000    0.134
   147   0.0000   0.6088   0.0177  -0.0000   0.0000  -0.0000  -0.0000  -0.0000   0.0000  -0.0000   0.0000    0.128
   148   0.0000   0.5981   0.0126  -0.0000   0.0000  -0.0000  -0.0000  -0.0000   0.0000  -0.0000   0.0000    0.119
   149   0.0000   0.5910   0.0075  -0.0000  -0.0000  -0.0000  -0.0000  -0.0000   0.0000  -0.0000   0.0000    0.113
   150   0.0000   0.5874   0.0025  -0.0000   0.0000  -0.0000  -0.0000  -0.0000   0.0000  -0.0000   0.0000    0.114
 ---------------------------------------------------------------
