 ---------------------------------------------------------------
 Surface and Strip Forces by surface

  Forces referred to Sref, Cref, Bref about Xref, Yref, Zref
 Standard axis orientation,  X fwd, Z down         

  Surface # 1     main_wing                               
     # Chordwise =  4   # Spanwise = 20     First strip =  1
     Surface area =    8.662523       Ave. chord =    1.689634
     CLsurf  =   0.18594     Clsurf  =  -0.03679
     CYsurf  =  -0.02313     Cmsurf  =  -0.04875
     CDsurf  =   0.00359     Cnsurf  =   0.00285
     CDisurf =   0.00359     CDvsurf =   0.00000

  Forces referred to Ssurf, Cave about hinge axis thru LE
     CLsurf  =   0.37154     CDsurf  =   0.00712
     Deflect =

 Strip Forces referred to Strip Area, Chord
    j      Yle    Chord     Area     c cl      ai      cl_norm  cl       cd       cdv    cm_c/4    cm_LE  C.P.x/c
     1   0.0076   2.1929   0.0672   1.1356   0.0094   0.5172   0.5172  -0.0285   0.0000  -0.1522  -0.2812    0.544
     2   0.0681   2.1809   0.1987   0.8842   0.0091   0.4059   0.4059   0.0067   0.0000  -0.1300  -0.2310    0.570
     3   0.1877   2.1571   0.3222   0.8655   0.0098   0.4018   0.4018   0.0092   0.0000  -0.1309  -0.2309    0.576
     4   0.3634   2.1222   0.4328   0.8634   0.0129   0.4075   0.4075   0.0112   0.0000  -0.1358  -0.2372    0.583
     5   0.5909   2.0770   0.5265   0.8632   0.0187   0.4161   0.4161   0.0078   0.0000  -0.1436  -0.2471    0.595
     6   0.8645   2.0227   0.6004   0.8651   0.0276   0.4284   0.4284   0.0129   0.0000  -0.1537  -0.2602    0.609
     7   1.1860   1.9589   0.6858   0.8506   0.0307   0.4349   0.4349   0.0117   0.0000  -0.1620  -0.2701    0.622
     8   1.5487   1.8868   0.7158   0.8126   0.0296   0.4313   0.4313   0.0104   0.0000  -0.1658  -0.2731    0.634
     9   1.9359   1.8100   0.7226   0.7601   0.0407   0.4205   0.4205   0.0093   0.0000  -0.1678  -0.2724    0.649
    10   2.3380   1.7301   0.7082   0.6996   0.0506   0.4049   0.4049   0.0078   0.0000  -0.1692  -0.2698    0.668
    11   2.7172   1.6548   0.5847   0.6396   0.0451   0.3870   0.3870   0.0061   0.0000  -0.1699  -0.2662    0.689
    12   3.0642   1.5859   0.5465   0.5810   0.0383   0.3667   0.3667   0.0050   0.0000  -0.1700  -0.2612    0.714
    13   3.3984   1.5195   0.4975   0.5225   0.0325   0.3442   0.3442   0.0043   0.0000  -0.1696  -0.2552    0.743
    14   3.7543   1.4488   0.5599   0.4610   0.0284   0.3185   0.3185   0.0037   0.0000  -0.1687  -0.2479    0.780
    15   4.1178   1.3766   0.4744   0.3980   0.0268   0.2894   0.2894   0.0025   0.0000  -0.1663  -0.2382    0.825
    16   4.4355   1.3135   0.3866   0.3351   0.0285   0.2554   0.2554   0.0025   0.0000  -0.1601  -0.2236    0.877
    17   4.6908   1.2629   0.2779   0.2774   0.0392   0.2199   0.2199   0.0032   0.0000  -0.1468  -0.2014    0.918
    18   4.8804   1.2252   0.1975   0.2152   0.0573   0.1759   0.1759   0.0043   0.0000  -0.1226  -0.1663    0.947
    19   5.0095   1.1996   0.1180   0.1388   0.0748   0.1159   0.1159   0.0041   0.0000  -0.0835  -0.1122    0.970
    20   5.0748   1.1866   0.0392   0.0482   0.0852   0.0407   0.0407   0.0017   0.0000  -0.0298  -0.0399    0.983

  Surface # 2     main_wing (YDUP)                        
     # Chordwise =  4   # Spanwise = 20     First strip = 21
     Surface area =    8.662523       Ave. chord =    1.689634
     CLsurf  =   0.18594     Clsurf  =   0.03679
     CYsurf  =   0.02313     Cmsurf  =  -0.04875
     CDsurf  =   0.00359     Cnsurf  =  -0.00285
     CDisurf =   0.00359     CDvsurf =   0.00000

  Forces referred to Ssurf, Cave about hinge axis thru LE
     CLsurf  =   0.37154     CDsurf  =   0.00712
     Deflect =

 Strip Forces referred to Strip Area, Chord
    j      Yle    Chord     Area     c cl      ai      cl_norm  cl       cd       cdv    cm_c/4    cm_LE  C.P.x/c
    21  -0.0076   2.1929   0.0672   1.1356   0.0094   0.5172   0.5172  -0.0285   0.0000  -0.1522   0.2812    0.544
    22  -0.0681   2.1809   0.1987   0.8842   0.0091   0.4059   0.4059   0.0067   0.0000  -0.1300   0.2310    0.570
    23  -0.1877   2.1571   0.3222   0.8655   0.0098   0.4018   0.4018   0.0092   0.0000  -0.1309   0.2309    0.576
    24  -0.3634   2.1222   0.4328   0.8634   0.0129   0.4075   0.4075   0.0112   0.0000  -0.1358   0.2372    0.583
    25  -0.5909   2.0770   0.5265   0.8632   0.0187   0.4161   0.4161   0.0078   0.0000  -0.1436   0.2471    0.595
    26  -0.8645   2.0227   0.6004   0.8651   0.0276   0.4284   0.4284   0.0129   0.0000  -0.1537   0.2602    0.609
    27  -1.1860   1.9589   0.6858   0.8506   0.0307   0.4349   0.4349   0.0117   0.0000  -0.1620   0.2701    0.622
    28  -1.5487   1.8868   0.7158   0.8126   0.0296   0.4313   0.4313   0.0104   0.0000  -0.1658   0.2731    0.634
    29  -1.9359   1.8100   0.7226   0.7601   0.0407   0.4205   0.4205   0.0093   0.0000  -0.1678   0.2724    0.649
    30  -2.3380   1.7301   0.7082   0.6996   0.0506   0.4049   0.4049   0.0078   0.0000  -0.1692   0.2698    0.668
    31  -2.7172   1.6548   0.5847   0.6396   0.0451   0.3870   0.3870   0.0061   0.0000  -0.1699   0.2662    0.689
    32  -3.0642   1.5859   0.5465   0.5810   0.0383   0.3667   0.3667   0.0050   0.0000  -0.1700   0.2612    0.714
    33  -3.3984   1.5195   0.4975   0.5225   0.0325   0.3442   0.3442   0.0043   0.0000  -0.1696   0.2552    0.743
    34  -3.7543   1.4488   0.5599   0.4610   0.0284   0.3185   0.3185   0.0037   0.0000  -0.1687   0.2479    0.780
    35  -4.1178   1.3766   0.4744   0.3980   0.0268   0.2894   0.2894   0.0025   0.0000  -0.1663   0.2382    0.825
    36  -4.4355   1.3135   0.3866   0.3351   0.0285   0.2554   0.2554   0.0025   0.0000  -0.1601   0.2236    0.877
    37  -4.6908   1.2629   0.2779   0.2774   0.0392   0.2199   0.2199   0.0032   0.0000  -0.1468   0.2014    0.918
    38  -4.8804   1.2252   0.1975   0.2152   0.0573   0.1759   0.1759   0.0043   0.0000  -0.1226   0.1663    0.947
    39  -5.0095   1.1996   0.1180   0.1388   0.0748   0.1159   0.1159   0.0041   0.0000  -0.0835   0.1122    0.970
    40  -5.0748   1.1866   0.0392   0.0482   0.0852   0.0407   0.0407   0.0017   0.0000  -0.0298   0.0399    0.983

  Surface # 3     horizontal_stabilizer                   
     # Chordwise =  4   # Spanwise = 20     First strip = 41
     Surface area =    2.000000       Ave. chord =    1.000000
     CLsurf  =  -0.03530     Clsurf  =   0.00298
     CYsurf  =  -0.00002     Cmsurf  =   0.08820
     CDsurf  =  -0.00064     Cnsurf  =  -0.00015
     CDisurf =  -0.00064     CDvsurf =   0.00000

  Forces referred to Ssurf, Cave about hinge axis thru LE
     CLsurf  =  -0.30318     CDsurf  =  -0.00552
     Deflect =

 Strip Forces referred to Strip Area, Chord
    j      Yle    Chord     Area     c cl      ai      cl_norm  cl       cd       cdv    cm_c/4    cm_LE  C.P.x/c
    41   0.0028   1.1970   0.0135  -0.3773  -0.0053  -0.3150  -0.3140   0.0406   0.0000  -0.0032   0.0752    0.240
    42   0.0254   1.1926   0.0401  -0.3773  -0.0050  -0.3176  -0.3166  -0.0009   0.0000  -0.0033   0.0754    0.240
    43   0.0698   1.1838   0.0652  -0.3770  -0.0046  -0.3199  -0.3188  -0.0040   0.0000  -0.0035   0.0757    0.239
    44   0.1388   1.1701   0.0969  -0.3763  -0.0042  -0.3230  -0.3220  -0.0053   0.0000  -0.0039   0.0761    0.238
    45   0.2319   1.1517   0.1186  -0.3747  -0.0037  -0.3268  -0.3258  -0.0053   0.0000  -0.0043   0.0766    0.237
    46   0.3440   1.1296   0.1361  -0.3720  -0.0034  -0.3308  -0.3297  -0.0060   0.0000  -0.0048   0.0772    0.236
    47   0.4722   1.1043   0.1492  -0.3677  -0.0032  -0.3345  -0.3334  -0.0064   0.0000  -0.0052   0.0776    0.234
    48   0.6135   1.0764   0.1576  -0.3614  -0.0032  -0.3373  -0.3362  -0.0069   0.0000  -0.0056   0.0779    0.233
    49   0.7642   1.0466   0.1613  -0.3526  -0.0033  -0.3385  -0.3374  -0.0072   0.0000  -0.0061   0.0777    0.232
    50   0.9207   1.0157   0.1605  -0.3408  -0.0038  -0.3371  -0.3360  -0.0073   0.0000  -0.0066   0.0768    0.230
    51   1.0793   0.9843   0.1555  -0.3256  -0.0046  -0.3323  -0.3312  -0.0071   0.0000  -0.0072   0.0750    0.228
    52   1.2358   0.9534   0.1469  -0.3066  -0.0059  -0.3231  -0.3220  -0.0070   0.0000  -0.0080   0.0720    0.225
    53   1.3865   0.9236   0.1353  -0.2836  -0.0076  -0.3085  -0.3075  -0.0067   0.0000  -0.0088   0.0676    0.221
    54   1.5278   0.8957   0.1211  -0.2565  -0.0097  -0.2876  -0.2867  -0.0058   0.0000  -0.0097   0.0616    0.216
    55   1.6560   0.8704   0.1049  -0.2252  -0.0121  -0.2599  -0.2591  -0.0049   0.0000  -0.0105   0.0539    0.209
    56   1.7681   0.8483   0.0873  -0.1898  -0.0145  -0.2248  -0.2241  -0.0041   0.0000  -0.0110   0.0447    0.201
    57   1.8612   0.8299   0.0687  -0.1505  -0.0168  -0.1822  -0.1816  -0.0030   0.0000  -0.0106   0.0346    0.192
    58   1.9302   0.8162   0.0450  -0.1087  -0.0187  -0.1338  -0.1334  -0.0021   0.0000  -0.0090   0.0242    0.183
    59   1.9746   0.8074   0.0271  -0.0661  -0.0200  -0.0822  -0.0819  -0.0014   0.0000  -0.0061   0.0143    0.176
    60   1.9972   0.8030   0.0091  -0.0222  -0.0207  -0.0277  -0.0277  -0.0008   0.0000  -0.0021   0.0047    0.173

  Surface # 4     horizontal_stabilizer (YDUP)            
     # Chordwise =  4   # Spanwise = 20     First strip = 61
     Surface area =    2.000000       Ave. chord =    1.000000
     CLsurf  =  -0.03530     Clsurf  =  -0.00298
     CYsurf  =   0.00002     Cmsurf  =   0.08820
     CDsurf  =  -0.00064     Cnsurf  =   0.00015
     CDisurf =  -0.00064     CDvsurf =   0.00000

  Forces referred to Ssurf, Cave about hinge axis thru LE
     CLsurf  =  -0.30318     CDsurf  =  -0.00552
     Deflect =

 Strip Forces referred to Strip Area, Chord
    j      Yle    Chord     Area     c cl      ai      cl_norm  cl       cd       cdv    cm_c/4    cm_LE  C.P.x/c
    61  -0.0028   1.1970   0.0135  -0.3773  -0.0053  -0.3150  -0.3140   0.0406   0.0000  -0.0032  -0.0752    0.240
    62  -0.0254   1.1926   0.0401  -0.3773  -0.0050  -0.3176  -0.3166  -0.0009   0.0000  -0.0033  -0.0754    0.240
    63  -0.0698   1.1838   0.0652  -0.3770  -0.0046  -0.3199  -0.3188  -0.0040   0.0000  -0.0035  -0.0757    0.239
    64  -0.1388   1.1701   0.0969  -0.3763  -0.0042  -0.3230  -0.3220  -0.0053   0.0000  -0.0039  -0.0761    0.238
    65  -0.2319   1.1517   0.1186  -0.3747  -0.0037  -0.3268  -0.3258  -0.0053   0.0000  -0.0043  -0.0766    0.237
    66  -0.3440   1.1296   0.1361  -0.3720  -0.0034  -0.3308  -0.3297  -0.0060   0.0000  -0.0048  -0.0772    0.236
    67  -0.4722   1.1043   0.1492  -0.3677  -0.0032  -0.3345  -0.3334  -0.0064   0.0000  -0.0052  -0.0776    0.234
    68  -0.6135   1.0764   0.1576  -0.3614  -0.0032  -0.3373  -0.3362  -0.0069   0.0000  -0.0056  -0.0779    0.233
    69  -0.7642   1.0466   0.1613  -0.3526  -0.0033  -0.3385  -0.3374  -0.0072   0.0000  -0.0061  -0.0777    0.232
    70  -0.9207   1.0157   0.1605  -0.3408  -0.0038  -0.3371  -0.3360  -0.0073   0.0000  -0.0066  -0.0768    0.230
    71  -1.0793   0.9843   0.1555  -0.3256  -0.0046  -0.3323  -0.3312  -0.0071   0.0000  -0.0072  -0.0750    0.228
    72  -1.2358   0.9534   0.1469  -0.3066  -0.0059  -0.3231  -0.3220  -0.0070   0.0000  -0.0080  -0.0720    0.225
    73  -1.3865   0.9236   0.1353  -0.2836  -0.0076  -0.3085  -0.3075  -0.0067   0.0000  -0.0088  -0.0676    0.221
    74  -1.5278   0.8957   0.1211  -0.2565  -0.0097  -0.2876  -0.2867  -0.0058   0.0000  -0.0097  -0.0616    0.216
    75  -1.6560   0.8704   0.1049  -0.2252  -0.0121  -0.2599  -0.2591  -0.0049   0.0000  -0.0105  -0.0539    0.209
    76  -1.7681   0.8483   0.0873  -0.1898  -0.0145  -0.2248  -0.2241  -0.0041   0.0000  -0.0110  -0.0447    0.201
    77  -1.8612   0.8299   0.0687  -0.1505  -0.0168  -0.1822  -0.1816  -0.0030   0.0000  -0.0106  -0.0346    0.192
    78  -1.9302   0.8162   0.0450  -0.1087  -0.0187  -0.1338  -0.1334  -0.0021   0.0000  -0.0090  -0.0242    0.183
    79  -1.9746   0.8074   0.0271  -0.0661  -0.0200  -0.0822  -0.0819  -0.0014   0.0000  -0.0061  -0.0143    0.176
    80  -1.9972   0.8030   0.0091  -0.0222  -0.0207  -0.0277  -0.0277  -0.0008   0.0000  -0.0021  -0.0047    0.173

  Surface # 5     vertical_stabilizer                     
     # Chordwise =  4   # Spanwise = 20     First strip = 81
     Surface area =    1.336680       Ave. chord =    0.902187
     CLsurf  =  -0.00000     Clsurf  =  -0.00000
     CYsurf  =  -0.00000     Cmsurf  =   0.00000
     CDsurf  =   0.00000     Cnsurf  =   0.00000
     CDisurf =   0.00000     CDvsurf =   0.00000

  Forces referred to Ssurf, Cave about hinge axis thru LE
     CLsurf  =   0.00000     CDsurf  =   0.00000
     Deflect =

 Strip Forces referred to Strip Area, Chord
    j      Yle    Chord     Area     c cl      ai      cl_norm  cl       cd       cdv    cm_c/4    cm_LE  C.P.x/c
    81   0.0000   1.2147   0.0206   0.0000   0.0000   0.0000   0.0000   0.0000   0.0000   0.0000  -0.0000    0.226
    82   0.0000   1.2045   0.0371   0.0000   0.0000   0.0000   0.0000  -0.0000   0.0000   0.0000  -0.0000    0.179
    83   0.0000   1.1886   0.0523   0.0000  -0.0000   0.0000   0.0000   0.0000   0.0000   0.0000  -0.0000    0.226
    84   0.0000   1.1671   0.0658   0.0000  -0.0000   0.0000   0.0000  -0.0000   0.0000   0.0000  -0.0000    0.124
    85   0.0000   1.1382   0.0906   0.0000   0.0000   0.0000   0.0000   0.0000   0.0000   0.0000  -0.0000    0.239
    86   0.0000   1.1018   0.1003   0.0000   0.0000   0.0000   0.0000  -0.0000   0.0000  -0.0000  -0.0000    0.268
    87   0.0000   1.0610   0.1064   0.0000  -0.0000   0.0000   0.0000   0.0000   0.0000   0.0000  -0.0000    0.186
    88   0.0000   1.0166   0.1091   0.0000   0.0000   0.0000   0.0000   0.0000   0.0000  -0.0000  -0.0000    0.281
    89   0.0000   0.9698   0.1086   0.0000  -0.0000   0.0000   0.0000  -0.0000   0.0000   0.0000  -0.0000    0.222
    90   0.0000   0.9216   0.1050   0.0000  -0.0000   0.0000   0.0000   0.0000   0.0000   0.0000   0.0000   -0.101
    91   0.0000   0.8731   0.0989   0.0000  -0.0000   0.0000   0.0000   0.0000   0.0000   0.0000   0.0000   -0.066
    92   0.0000   0.8255   0.0908   0.0000  -0.0000   0.0000   0.0000  -0.0000   0.0000   0.0000   0.0000   -0.028
    93   0.0000   0.7798   0.0812   0.0000  -0.0000   0.0000   0.0000  -0.0000   0.0000   0.0000  -0.0000    0.205
    94   0.0000   0.7371   0.0706   0.0000  -0.0000   0.0000   0.0000   0.0000   0.0000   0.0000  -0.0000    0.224
    95   0.0000   0.6985   0.0595   0.0000  -0.0000   0.0000   0.0000  -0.0000   0.0000  -0.0000  -0.0000    0.393
    96   0.0000   0.6647   0.0483   0.0000  -0.0000   0.0000   0.0000  -0.0000   0.0000  -0.0000  -0.0000    0.380
    97   0.0000   0.6356   0.0405   0.0000  -0.0000   0.0000   0.0000  -0.0000   0.0000   0.0000  -0.0000    0.106
    98   0.0000   0.6120   0.0285   0.0000   0.0000   0.0000   0.0000   0.0000   0.0000   0.0000  -0.0000    0.175
    99   0.0000   0.5960   0.0169   0.0000  -0.0000   0.0000   0.0000  -0.0000   0.0000   0.0000  -0.0000    0.111
   100   0.0000   0.5879   0.0056   0.0000  -0.0000   0.0000   0.0000  -0.0000   0.0000   0.0000  -0.0000    0.064
 ---------------------------------------------------------------
