 ---------------------------------------------------------------
 Surface and Strip Forces by surface

  Forces referred to Sref, Cref, Bref about Xref, Yref, Zref
 Standard axis orientation,  X fwd, Z down         

  Surface # 1     main_wing                               
     # Chordwise = 10   # Spanwise = 30     First strip =  1
     Surface area =    8.662745       Ave. chord =    1.689678
     CLsurf  =   0.51281     Clsurf  =  -0.10440
     CYsurf  =  -0.07197     Cmsurf  =  -0.07267
     CDsurf  =   0.02810     Cnsurf  =  -0.00486
     CDisurf =   0.02810     CDvsurf =   0.00000

  Forces referred to Ssurf, Cave about hinge axis thru LE
     CLsurf  =   1.02676     CDsurf  =   0.05572
     Deflect =

 Strip Forces referred to Strip Area, Chord
    j      Yle    Chord     Area     c cl      ai      cl_norm  cl       cd       cdv    cm_c/4    cm_LE  C.P.x/c
     1   0.0034   2.1937   0.0299   3.2655   0.1274   1.4893   1.4888   0.0880   0.0000  -0.1484  -0.5203    0.350
     2   0.0304   2.1884   0.0891   2.3836   0.1247   1.0884   1.0880   0.0761   0.0000  -0.1171  -0.3894    0.358
     3   0.0840   2.1777   0.1468   2.3199   0.1227   1.0649   1.0645   0.0711   0.0000  -0.1156  -0.3819    0.359
     4   0.1638   2.1619   0.2017   2.3055   0.1219   1.0660   1.0656   0.0713   0.0000  -0.1172  -0.3838    0.360
     5   0.2688   2.1410   0.2531   2.2906   0.1222   1.0703   1.0699   0.0648   0.0000  -0.1197  -0.3872    0.362
     6   0.3979   2.1154   0.3000   2.2975   0.1234   1.0856   1.0852   0.0732   0.0000  -0.1241  -0.3956    0.364
     7   0.5496   2.0852   0.3417   2.2989   0.1255   1.1022   1.1018   0.0720   0.0000  -0.1292  -0.4048    0.367
     8   0.7223   2.0509   0.3776   2.2663   0.1286   1.1053   1.1049   0.0679   0.0000  -0.1354  -0.4117    0.373
     9   0.9142   2.0128   0.4073   2.2510   0.1329   1.1188   1.1184   0.0672   0.0000  -0.1416  -0.4212    0.377
    10   1.1285   1.9703   0.4526   2.2152   0.1314   1.1253   1.1249   0.0630   0.0000  -0.1465  -0.4276    0.380
    11   1.3637   1.9236   0.4694   2.1770   0.1234   1.1327   1.1323   0.0638   0.0000  -0.1503  -0.4333    0.383
    12   1.6118   1.8743   0.4793   2.1213   0.1154   1.1332   1.1327   0.0605   0.0000  -0.1521  -0.4350    0.384
    13   1.8700   1.8230   0.4823   2.0495   0.1070   1.1257   1.1253   0.0594   0.0000  -0.1529  -0.4340    0.386
    14   2.1357   1.7703   0.4789   1.9742   0.0986   1.1169   1.1165   0.0570   0.0000  -0.1534  -0.4322    0.387
    15   2.4057   1.7167   0.4695   1.8970   0.0922   1.1071   1.1067   0.0535   0.0000  -0.1539  -0.4302    0.389
    16   2.6723   1.6637   0.4384   1.8153   0.0885   1.0935   1.0931   0.0501   0.0000  -0.1539  -0.4267    0.391
    17   2.9325   1.6120   0.4201   1.7242   0.0866   1.0717   1.0713   0.0502   0.0000  -0.1535  -0.4209    0.393
    18   3.1884   1.5612   0.3979   1.6386   0.0854   1.0520   1.0516   0.0469   0.0000  -0.1531  -0.4155    0.396
    19   3.4372   1.5118   0.3724   1.5450   0.0851   1.0245   1.0241   0.0444   0.0000  -0.1521  -0.4075    0.398
    20   3.6775   1.4641   0.3480   1.4465   0.0863   0.9902   0.9898   0.0450   0.0000  -0.1506  -0.3975    0.402
    21   3.9066   1.4186   0.3174   1.3440   0.0892   0.9493   0.9489   0.0452   0.0000  -0.1482  -0.3850    0.406
    22   4.1206   1.3761   0.2853   1.2376   0.0935   0.9009   0.9006   0.0448   0.0000  -0.1451  -0.3698    0.411
    23   4.3172   1.3370   0.2522   1.1306   0.0994   0.8470   0.8466   0.0426   0.0000  -0.1407  -0.3521    0.416
    24   4.4942   1.3019   0.2186   1.0136   0.1070   0.7795   0.7792   0.0421   0.0000  -0.1345  -0.3291    0.423
    25   4.6536   1.2702   0.1944   0.8923   0.1200   0.7029   0.7026   0.0414   0.0000  -0.1256  -0.3011    0.429
    26   4.7929   1.2426   0.1585   0.7563   0.1377   0.6083   0.6081   0.0414   0.0000  -0.1126  -0.2647    0.435
    27   4.9062   1.2201   0.1229   0.6094   0.1560   0.4988   0.4986   0.0375   0.0000  -0.0956  -0.2204    0.442
    28   4.9923   1.2030   0.0875   0.4484   0.1740   0.3719   0.3718   0.0305   0.0000  -0.0738  -0.1669    0.449
    29   5.0502   1.1915   0.0524   0.2755   0.1904   0.2306   0.2305   0.0202   0.0000  -0.0471  -0.1049    0.455
    30   5.0794   1.1857   0.0174   0.0933   0.2015   0.0784   0.0784   0.0072   0.0000  -0.0163  -0.0360    0.458

  Surface # 2     main_wing (YDUP)                        
     # Chordwise = 10   # Spanwise = 30     First strip = 31
     Surface area =    8.662745       Ave. chord =    1.689678
     CLsurf  =   0.51281     Clsurf  =   0.10440
     CYsurf  =   0.07197     Cmsurf  =  -0.07267
     CDsurf  =   0.02810     Cnsurf  =   0.00486
     CDisurf =   0.02810     CDvsurf =   0.00000

  Forces referred to Ssurf, Cave about hinge axis thru LE
     CLsurf  =   1.02676     CDsurf  =   0.05572
     Deflect =

 Strip Forces referred to Strip Area, Chord
    j      Yle    Chord     Area     c cl      ai      cl_norm  cl       cd       cdv    cm_c/4    cm_LE  C.P.x/c
    31  -0.0034   2.1937   0.0299   3.2655   0.1274   1.4893   1.4888   0.0880   0.0000  -0.1484   0.5203    0.350
    32  -0.0304   2.1884   0.0891   2.3836   0.1247   1.0884   1.0880   0.0761   0.0000  -0.1171   0.3894    0.358
    33  -0.0840   2.1777   0.1468   2.3199   0.1227   1.0649   1.0645   0.0711   0.0000  -0.1156   0.3819    0.359
    34  -0.1638   2.1619   0.2017   2.3055   0.1220   1.0660   1.0656   0.0713   0.0000  -0.1172   0.3838    0.360
    35  -0.2688   2.1410   0.2531   2.2906   0.1222   1.0703   1.0698   0.0648   0.0000  -0.1197   0.3872    0.362
    36  -0.3979   2.1154   0.3000   2.2975   0.1234   1.0856   1.0852   0.0732   0.0000  -0.1241   0.3956    0.364
    37  -0.5496   2.0852   0.3417   2.2989   0.1255   1.1022   1.1018   0.0720   0.0000  -0.1292   0.4048    0.367
    38  -0.7223   2.0509   0.3776   2.2663   0.1286   1.1053   1.1049   0.0679   0.0000  -0.1354   0.4117    0.373
    39  -0.9142   2.0128   0.4073   2.2510   0.1329   1.1188   1.1184   0.0672   0.0000  -0.1416   0.4212    0.377
    40  -1.1285   1.9703   0.4526   2.2152   0.1314   1.1253   1.1249   0.0630   0.0000  -0.1465   0.4276    0.380
    41  -1.3637   1.9236   0.4694   2.1770   0.1234   1.1327   1.1323   0.0638   0.0000  -0.1503   0.4333    0.383
    42  -1.6118   1.8743   0.4793   2.1213   0.1154   1.1332   1.1327   0.0605   0.0000  -0.1521   0.4350    0.384
    43  -1.8700   1.8230   0.4823   2.0495   0.1070   1.1257   1.1253   0.0594   0.0000  -0.1529   0.4340    0.386
    44  -2.1357   1.7703   0.4789   1.9742   0.0986   1.1169   1.1165   0.0570   0.0000  -0.1534   0.4322    0.387
    45  -2.4057   1.7167   0.4695   1.8970   0.0922   1.1071   1.1067   0.0535   0.0000  -0.1539   0.4302    0.389
    46  -2.6723   1.6637   0.4384   1.8153   0.0885   1.0935   1.0931   0.0501   0.0000  -0.1539   0.4267    0.391
    47  -2.9325   1.6120   0.4201   1.7242   0.0866   1.0717   1.0713   0.0502   0.0000  -0.1535   0.4209    0.393
    48  -3.1884   1.5612   0.3979   1.6386   0.0854   1.0520   1.0516   0.0469   0.0000  -0.1531   0.4155    0.396
    49  -3.4372   1.5118   0.3724   1.5450   0.0851   1.0245   1.0241   0.0444   0.0000  -0.1521   0.4075    0.398
    50  -3.6775   1.4641   0.3480   1.4465   0.0863   0.9902   0.9898   0.0450   0.0000  -0.1506   0.3975    0.402
    51  -3.9066   1.4186   0.3174   1.3440   0.0892   0.9493   0.9489   0.0452   0.0000  -0.1482   0.3850    0.406
    52  -4.1206   1.3761   0.2853   1.2376   0.0935   0.9009   0.9006   0.0448   0.0000  -0.1451   0.3698    0.411
    53  -4.3172   1.3370   0.2522   1.1306   0.0994   0.8470   0.8466   0.0426   0.0000  -0.1407   0.3521    0.416
    54  -4.4942   1.3019   0.2186   1.0136   0.1070   0.7795   0.7792   0.0421   0.0000  -0.1345   0.3291    0.423
    55  -4.6536   1.2702   0.1944   0.8923   0.1200   0.7029   0.7026   0.0414   0.0000  -0.1256   0.3011    0.429
    56  -4.7929   1.2426   0.1585   0.7563   0.1377   0.6083   0.6081   0.0414   0.0000  -0.1126   0.2647    0.435
    57  -4.9062   1.2201   0.1229   0.6094   0.1560   0.4988   0.4986   0.0375   0.0000  -0.0956   0.2204    0.442
    58  -4.9923   1.2030   0.0875   0.4484   0.1740   0.3719   0.3718   0.0305   0.0000  -0.0738   0.1669    0.449
    59  -5.0502   1.1915   0.0524   0.2755   0.1904   0.2306   0.2305   0.0202   0.0000  -0.0471   0.1049    0.455
    60  -5.0794   1.1857   0.0174   0.0933   0.2015   0.0784   0.0784   0.0072   0.0000  -0.0163   0.0360    0.458

  Surface # 3     horizontal_stabilizer                   
     # Chordwise = 10   # Spanwise = 30     First strip = 61
     Surface area =    2.000000       Ave. chord =    1.000000
     CLsurf  =   0.00683     Clsurf  =  -0.00057
     CYsurf  =  -0.00012     Cmsurf  =  -0.01864
     CDsurf  =   0.00078     Cnsurf  =   0.00005
     CDisurf =   0.00078     CDvsurf =   0.00000

  Forces referred to Ssurf, Cave about hinge axis thru LE
     CLsurf  =   0.05865     CDsurf  =   0.00668
     Deflect =

 Strip Forces referred to Strip Area, Chord
    j      Yle    Chord     Area     c cl      ai      cl_norm  cl       cd       cdv    cm_c/4    cm_LE  C.P.x/c
    61   0.0016   1.1973   0.0076   0.0803   0.1177   0.0667   0.0665   0.0087   0.0000  -0.0011  -0.0178    0.267
    62   0.0142   1.1948   0.0226   0.0803   0.1176   0.0670   0.0668   0.0077   0.0000  -0.0011  -0.0178    0.267
    63   0.0394   1.1898   0.0373   0.0802   0.1175   0.0672   0.0670   0.0076   0.0000  -0.0011  -0.0179    0.266
    64   0.0768   1.1824   0.0513   0.0801   0.1173   0.0675   0.0673   0.0076   0.0000  -0.0011  -0.0179    0.266
    65   0.1222   1.1734   0.0549   0.0798   0.1172   0.0678   0.0676   0.0077   0.0000  -0.0010  -0.0179    0.265
    66   0.1738   1.1632   0.0653   0.0794   0.1169   0.0680   0.0678   0.0077   0.0000  -0.0010  -0.0179    0.264
    67   0.2344   1.1513   0.0747   0.0787   0.1166   0.0681   0.0679   0.0077   0.0000  -0.0009  -0.0179    0.264
    68   0.3034   1.1376   0.0830   0.0777   0.1163   0.0681   0.0679   0.0077   0.0000  -0.0009  -0.0179    0.264
    69   0.3800   1.1225   0.0900   0.0764   0.1158   0.0679   0.0677   0.0077   0.0000  -0.0009  -0.0179    0.264
    70   0.4634   1.1060   0.0957   0.0748   0.1153   0.0674   0.0672   0.0076   0.0000  -0.0010  -0.0178    0.264
    71   0.5527   1.0884   0.1000   0.0729   0.1148   0.0668   0.0666   0.0076   0.0000  -0.0010  -0.0176    0.265
    72   0.6469   1.0697   0.1030   0.0707   0.1143   0.0659   0.0657   0.0075   0.0000  -0.0010  -0.0174    0.265
    73   0.7450   1.0504   0.1046   0.0684   0.1138   0.0649   0.0647   0.0074   0.0000  -0.0010  -0.0172    0.266
    74   0.8459   1.0304   0.1050   0.0659   0.1133   0.0637   0.0635   0.0072   0.0000  -0.0010  -0.0169    0.266
    75   0.9484   1.0102   0.1040   0.0633   0.1129   0.0625   0.0623   0.0071   0.0000  -0.0010  -0.0166    0.266
    76   1.0516   0.9898   0.1019   0.0607   0.1126   0.0611   0.0609   0.0070   0.0000  -0.0009  -0.0162    0.265
    77   1.1541   0.9696   0.0987   0.0581   0.1123   0.0597   0.0595   0.0068   0.0000  -0.0008  -0.0157    0.264
    78   1.2550   0.9496   0.0946   0.0555   0.1121   0.0582   0.0580   0.0066   0.0000  -0.0007  -0.0152    0.262
    79   1.3531   0.9303   0.0896   0.0528   0.1119   0.0565   0.0563   0.0064   0.0000  -0.0005  -0.0146    0.259
    80   1.4473   0.9116   0.0838   0.0499   0.1118   0.0546   0.0544   0.0062   0.0000  -0.0003  -0.0139    0.255
    81   1.5366   0.8940   0.0773   0.0469   0.1118   0.0523   0.0522   0.0060   0.0000  -0.0000  -0.0131    0.251
    82   1.6200   0.8775   0.0703   0.0437   0.1119   0.0496   0.0494   0.0056   0.0000   0.0002  -0.0122    0.246
    83   1.6966   0.8624   0.0629   0.0401   0.1120   0.0463   0.0462   0.0053   0.0000   0.0005  -0.0111    0.240
    84   1.7656   0.8487   0.0551   0.0362   0.1121   0.0425   0.0424   0.0048   0.0000   0.0007  -0.0099    0.234
    85   1.8262   0.8368   0.0470   0.0319   0.1123   0.0380   0.0379   0.0043   0.0000   0.0009  -0.0086    0.227
    86   1.8778   0.8266   0.0387   0.0273   0.1125   0.0329   0.0328   0.0037   0.0000   0.0010  -0.0072    0.221
    87   1.9232   0.8176   0.0355   0.0221   0.1127   0.0269   0.0268   0.0031   0.0000   0.0010  -0.0057    0.214
    88   1.9606   0.8102   0.0254   0.0161   0.1130   0.0198   0.0198   0.0023   0.0000   0.0009  -0.0041    0.207
    89   1.9858   0.8052   0.0153   0.0098   0.1132   0.0122   0.0121   0.0014   0.0000   0.0006  -0.0025    0.202
    90   1.9984   0.8027   0.0051   0.0033   0.1133   0.0041   0.0041   0.0005   0.0000   0.0002  -0.0008    0.199

  Surface # 4     horizontal_stabilizer (YDUP)            
     # Chordwise = 10   # Spanwise = 30     First strip = 91
     Surface area =    2.000000       Ave. chord =    1.000000
     CLsurf  =   0.00683     Clsurf  =   0.00057
     CYsurf  =   0.00012     Cmsurf  =  -0.01864
     CDsurf  =   0.00078     Cnsurf  =  -0.00005
     CDisurf =   0.00078     CDvsurf =   0.00000

  Forces referred to Ssurf, Cave about hinge axis thru LE
     CLsurf  =   0.05865     CDsurf  =   0.00668
     Deflect =

 Strip Forces referred to Strip Area, Chord
    j      Yle    Chord     Area     c cl      ai      cl_norm  cl       cd       cdv    cm_c/4    cm_LE  C.P.x/c
    91  -0.0016   1.1973   0.0076   0.0803   0.1177   0.0667   0.0665   0.0087   0.0000  -0.0011   0.0178    0.267
    92  -0.0142   1.1948   0.0226   0.0803   0.1176   0.0670   0.0668   0.0077   0.0000  -0.0011   0.0178    0.267
    93  -0.0394   1.1898   0.0373   0.0802   0.1175   0.0672   0.0670   0.0076   0.0000  -0.0011   0.0179    0.266
    94  -0.0768   1.1824   0.0513   0.0801   0.1173   0.0675   0.0673   0.0076   0.0000  -0.0011   0.0179    0.266
    95  -0.1222   1.1734   0.0549   0.0798   0.1172   0.0678   0.0676   0.0077   0.0000  -0.0010   0.0179    0.265
    96  -0.1738   1.1632   0.0653   0.0794   0.1169   0.0680   0.0678   0.0077   0.0000  -0.0010   0.0179    0.264
    97  -0.2344   1.1513   0.0747   0.0787   0.1166   0.0681   0.0679   0.0077   0.0000  -0.0009   0.0179    0.264
    98  -0.3034   1.1376   0.0830   0.0777   0.1163   0.0681   0.0679   0.0077   0.0000  -0.0009   0.0179    0.264
    99  -0.3800   1.1225   0.0900   0.0764   0.1158   0.0679   0.0677   0.0077   0.0000  -0.0009   0.0179    0.264
   100  -0.4634   1.1060   0.0957   0.0748   0.1153   0.0674   0.0672   0.0076   0.0000  -0.0010   0.0178    0.264
   101  -0.5527   1.0884   0.1000   0.0729   0.1148   0.0668   0.0666   0.0076   0.0000  -0.0010   0.0176    0.265
   102  -0.6469   1.0697   0.1030   0.0707   0.1143   0.0659   0.0657   0.0075   0.0000  -0.0010   0.0174    0.265
   103  -0.7450   1.0504   0.1046   0.0684   0.1138   0.0649   0.0647   0.0074   0.0000  -0.0010   0.0172    0.266
   104  -0.8459   1.0304   0.1050   0.0659   0.1133   0.0637   0.0635   0.0072   0.0000  -0.0010   0.0169    0.266
   105  -0.9484   1.0102   0.1040   0.0633   0.1129   0.0625   0.0623   0.0071   0.0000  -0.0010   0.0166    0.266
   106  -1.0516   0.9898   0.1019   0.0607   0.1126   0.0611   0.0609   0.0070   0.0000  -0.0009   0.0162    0.265
   107  -1.1541   0.9696   0.0987   0.0581   0.1123   0.0597   0.0595   0.0068   0.0000  -0.0008   0.0157    0.264
   108  -1.2550   0.9496   0.0946   0.0555   0.1121   0.0582   0.0580   0.0066   0.0000  -0.0007   0.0152    0.262
   109  -1.3531   0.9303   0.0896   0.0528   0.1119   0.0565   0.0563   0.0064   0.0000  -0.0005   0.0146    0.259
   110  -1.4473   0.9116   0.0838   0.0499   0.1118   0.0546   0.0544   0.0062   0.0000  -0.0003   0.0139    0.255
   111  -1.5366   0.8940   0.0773   0.0469   0.1118   0.0523   0.0522   0.0060   0.0000  -0.0000   0.0131    0.251
   112  -1.6200   0.8775   0.0703   0.0437   0.1119   0.0496   0.0494   0.0056   0.0000   0.0002   0.0122    0.246
   113  -1.6966   0.8624   0.0629   0.0401   0.1120   0.0463   0.0462   0.0053   0.0000   0.0005   0.0111    0.240
   114  -1.7656   0.8487   0.0551   0.0362   0.1121   0.0425   0.0424   0.0048   0.0000   0.0007   0.0099    0.234
   115  -1.8262   0.8368   0.0470   0.0319   0.1123   0.0380   0.0379   0.0043   0.0000   0.0009   0.0086    0.227
   116  -1.8778   0.8266   0.0387   0.0273   0.1125   0.0329   0.0328   0.0037   0.0000   0.0010   0.0072    0.221
   117  -1.9232   0.8176   0.0355   0.0221   0.1127   0.0269   0.0268   0.0031   0.0000   0.0010   0.0057    0.214
   118  -1.9606   0.8102   0.0254   0.0161   0.1130   0.0198   0.0198   0.0023   0.0000   0.0009   0.0041    0.207
   119  -1.9858   0.8052   0.0153   0.0098   0.1132   0.0122   0.0121   0.0014   0.0000   0.0006   0.0025    0.202
   120  -1.9984   0.8027   0.0051   0.0033   0.1133   0.0041   0.0041   0.0005   0.0000   0.0002   0.0008    0.199

  Surface # 5     vertical_stabilizer                     
     # Chordwise = 10   # Spanwise = 30     First strip =121
     Surface area =    1.336749       Ave. chord =    0.902233
     CLsurf  =   0.00000     Clsurf  =   0.00000
     CYsurf  =   0.00000     Cmsurf  =  -0.00000
     CDsurf  =  -0.00000     Cnsurf  =  -0.00000
     CDisurf =  -0.00000     CDvsurf =   0.00000

  Forces referred to Ssurf, Cave about hinge axis thru LE
     CLsurf  =  -0.00000     CDsurf  =  -0.00000
     Deflect =

 Strip Forces referred to Strip Area, Chord
    j      Yle    Chord     Area     c cl      ai      cl_norm  cl       cd       cdv    cm_c/4    cm_LE  C.P.x/c
   121   0.0000   1.2152   0.0161  -0.0000   0.0000  -0.0000  -0.0000   0.0000   0.0000  -0.0000   0.0000    0.185
   122   0.0000   1.2078   0.0261  -0.0000  -0.0000  -0.0000  -0.0000  -0.0000   0.0000  -0.0000   0.0000    0.196
   123   0.0000   1.1968   0.0358  -0.0000   0.0000  -0.0000  -0.0000   0.0000   0.0000  -0.0000   0.0000    0.204
   124   0.0000   1.1824   0.0448  -0.0000  -0.0000  -0.0000  -0.0000   0.0000   0.0000  -0.0000   0.0000    0.204
   125   0.0000   1.1646   0.0530  -0.0000  -0.0000  -0.0000  -0.0000   0.0000   0.0000  -0.0000   0.0000    0.206
   126   0.0000   1.1454   0.0506  -0.0000   0.0000  -0.0000  -0.0000   0.0000   0.0000  -0.0000   0.0000    0.203
   127   0.0000   1.1254   0.0560  -0.0000  -0.0000  -0.0000  -0.0000   0.0000   0.0000  -0.0000   0.0000    0.210
   128   0.0000   1.1031   0.0606  -0.0000  -0.0000  -0.0000  -0.0000  -0.0000   0.0000  -0.0000   0.0000    0.206
   129   0.0000   1.0787   0.0642  -0.0000  -0.0000  -0.0000  -0.0000  -0.0000   0.0000  -0.0000   0.0000    0.217
   130   0.0000   1.0525   0.0669  -0.0000  -0.0000  -0.0000  -0.0000  -0.0000   0.0000  -0.0000   0.0000    0.215
   131   0.0000   1.0247   0.0685  -0.0000  -0.0000  -0.0000  -0.0000  -0.0000   0.0000  -0.0000   0.0000    0.226
   132   0.0000   0.9956   0.0692  -0.0000  -0.0000  -0.0000  -0.0000  -0.0000   0.0000  -0.0000   0.0000    0.232
   133   0.0000   0.9655   0.0690  -0.0000   0.0000  -0.0000  -0.0000  -0.0000   0.0000  -0.0000   0.0000    0.227
   134   0.0000   0.9348   0.0680  -0.0000   0.0000  -0.0000  -0.0000  -0.0000   0.0000  -0.0000   0.0000    0.227
   135   0.0000   0.9037   0.0662  -0.0000  -0.0000  -0.0000  -0.0000  -0.0000   0.0000  -0.0000   0.0000    0.224
   136   0.0000   0.8726   0.0636  -0.0000  -0.0000  -0.0000  -0.0000  -0.0000   0.0000  -0.0000   0.0000    0.224
   137   0.0000   0.8417   0.0605  -0.0000   0.0000  -0.0000  -0.0000  -0.0000   0.0000  -0.0000   0.0000    0.222
   138   0.0000   0.8114   0.0569  -0.0000  -0.0000  -0.0000  -0.0000  -0.0000   0.0000  -0.0000   0.0000    0.217
   139   0.0000   0.7821   0.0529  -0.0000  -0.0000  -0.0000  -0.0000  -0.0000   0.0000  -0.0000   0.0000    0.217
   140   0.0000   0.7540   0.0485  -0.0000  -0.0000  -0.0000  -0.0000  -0.0000   0.0000  -0.0000   0.0000    0.214
   141   0.0000   0.7274   0.0440  -0.0000   0.0000  -0.0000  -0.0000  -0.0000   0.0000  -0.0000   0.0000    0.214
   142   0.0000   0.7025   0.0393  -0.0000  -0.0000  -0.0000  -0.0000  -0.0000   0.0000  -0.0000   0.0000    0.210
   143   0.0000   0.6798   0.0346  -0.0000   0.0000  -0.0000  -0.0000  -0.0000   0.0000  -0.0000   0.0000    0.200
   144   0.0000   0.6593   0.0298  -0.0000   0.0000  -0.0000  -0.0000  -0.0000   0.0000  -0.0000   0.0000    0.196
   145   0.0000   0.6402   0.0283  -0.0000   0.0000  -0.0000  -0.0000  -0.0000   0.0000  -0.0000   0.0000    0.184
   146   0.0000   0.6229   0.0230  -0.0000   0.0000  -0.0000  -0.0000  -0.0000   0.0000  -0.0000   0.0000    0.176
   147   0.0000   0.6088   0.0177  -0.0000   0.0000  -0.0000  -0.0000  -0.0000   0.0000  -0.0000   0.0000    0.165
   148   0.0000   0.5981   0.0126  -0.0000  -0.0000  -0.0000  -0.0000  -0.0000   0.0000  -0.0000   0.0000    0.159
   149   0.0000   0.5910   0.0075  -0.0000   0.0000  -0.0000  -0.0000  -0.0000   0.0000  -0.0000   0.0000    0.156
   150   0.0000   0.5874   0.0025  -0.0000   0.0000  -0.0000  -0.0000  -0.0000   0.0000  -0.0000   0.0000    0.151
 ---------------------------------------------------------------
