 ---------------------------------------------------------------
 Surface and Strip Forces by surface

  Forces referred to Sref, Cref, Bref about Xref, Yref, Zref
 Standard axis orientation,  X fwd, Z down         

  Surface # 1     main_wing                               
     # Chordwise = 10   # Spanwise = 30     First strip =  1
     Surface area =    8.662745       Ave. chord =    1.689678
     CLsurf  =   0.37370     Clsurf  =  -0.07485
     CYsurf  =  -0.04735     Cmsurf  =  -0.13645
     CDsurf  =   0.01435     Cnsurf  =   0.00554
     CDisurf =   0.01435     CDvsurf =   0.00000

  Forces referred to Ssurf, Cave about hinge axis thru LE
     CLsurf  =   0.74693     CDsurf  =   0.02845
     Deflect =

 Strip Forces referred to Strip Area, Chord
    j      Yle    Chord     Area     c cl      ai      cl_norm  cl       cd       cdv    cm_c/4    cm_LE  C.P.x/c
     1   0.0034   2.1937   0.0299   3.2028   0.0507   1.4600   1.4600  -0.1613   0.0000  -0.3630  -0.7270    0.499
     2   0.0304   2.1884   0.0891   1.8539   0.0493   0.8472   0.8472   0.0214   0.0000  -0.2313  -0.4424    0.523
     3   0.0840   2.1777   0.1468   1.7478   0.0477   0.8026   0.8026   0.0318   0.0000  -0.2224  -0.4225    0.527
     4   0.1638   2.1619   0.2017   1.7214   0.0473   0.7963   0.7963   0.0351   0.0000  -0.2227  -0.4212    0.530
     5   0.2688   2.1410   0.2531   1.7054   0.0481   0.7966   0.7966   0.0333   0.0000  -0.2253  -0.4238    0.533
     6   0.3979   2.1154   0.3000   1.7137   0.0501   0.8101   0.8101   0.0412   0.0000  -0.2329  -0.4348    0.537
     7   0.5496   2.0852   0.3417   1.7273   0.0534   0.8283   0.8283   0.0386   0.0000  -0.2435  -0.4499    0.544
     8   0.7223   2.0509   0.3776   1.7046   0.0583   0.8311   0.8311   0.0364   0.0000  -0.2498  -0.4569    0.551
     9   0.9142   2.0128   0.4073   1.6851   0.0652   0.8372   0.8372   0.0398   0.0000  -0.2570  -0.4657    0.557
    10   1.1285   1.9703   0.4526   1.6670   0.0673   0.8461   0.8461   0.0405   0.0000  -0.2663  -0.4771    0.565
    11   1.3637   1.9236   0.4694   1.6342   0.0650   0.8496   0.8496   0.0378   0.0000  -0.2719  -0.4836    0.570
    12   1.6118   1.8743   0.4793   1.5831   0.0674   0.8446   0.8446   0.0359   0.0000  -0.2755  -0.4860    0.576
    13   1.8700   1.8230   0.4823   1.5196   0.0768   0.8335   0.8335   0.0357   0.0000  -0.2780  -0.4857    0.584
    14   2.1357   1.7703   0.4789   1.4546   0.0888   0.8217   0.8217   0.0337   0.0000  -0.2802  -0.4849    0.591
    15   2.4057   1.7167   0.4695   1.3860   0.0910   0.8074   0.8074   0.0308   0.0000  -0.2819  -0.4831    0.599
    16   2.6723   1.6637   0.4384   1.3161   0.0856   0.7911   0.7911   0.0272   0.0000  -0.2831  -0.4802    0.608
    17   2.9325   1.6120   0.4201   1.2379   0.0790   0.7679   0.7679   0.0266   0.0000  -0.2827  -0.4740    0.618
    18   3.1884   1.5612   0.3979   1.1650   0.0729   0.7462   0.7462   0.0232   0.0000  -0.2826  -0.4685    0.629
    19   3.4372   1.5118   0.3724   1.0851   0.0678   0.7178   0.7177   0.0206   0.0000  -0.2808  -0.4596    0.641
    20   3.6775   1.4641   0.3480   1.0037   0.0643   0.6856   0.6856   0.0197   0.0000  -0.2778  -0.4486    0.655
    21   3.9066   1.4186   0.3174   0.9218   0.0623   0.6498   0.6498   0.0187   0.0000  -0.2732  -0.4350    0.670
    22   4.1206   1.3761   0.2853   0.8387   0.0615   0.6095   0.6095   0.0173   0.0000  -0.2663  -0.4181    0.687
    23   4.3172   1.3370   0.2522   0.7557   0.0619   0.5652   0.5652   0.0151   0.0000  -0.2567  -0.3974    0.704
    24   4.4942   1.3019   0.2186   0.6700   0.0636   0.5147   0.5147   0.0137   0.0000  -0.2430  -0.3712    0.722
    25   4.6536   1.2702   0.1944   0.5856   0.0700   0.4611   0.4611   0.0129   0.0000  -0.2244  -0.3392    0.737
    26   4.7929   1.2426   0.1585   0.4927   0.0806   0.3965   0.3965   0.0143   0.0000  -0.1986  -0.2974    0.751
    27   4.9062   1.2201   0.1229   0.3944   0.0914   0.3233   0.3233   0.0137   0.0000  -0.1661  -0.2465    0.764
    28   4.9923   1.2030   0.0875   0.2886   0.1021   0.2399   0.2399   0.0124   0.0000  -0.1260  -0.1858    0.775
    29   5.0502   1.1915   0.0524   0.1769   0.1116   0.1484   0.1484   0.0094   0.0000  -0.0792  -0.1162    0.784
    30   5.0794   1.1857   0.0174   0.0599   0.1175   0.0505   0.0505   0.0035   0.0000  -0.0271  -0.0397    0.787

  Surface # 2     main_wing (YDUP)                        
     # Chordwise = 10   # Spanwise = 30     First strip = 31
     Surface area =    8.662745       Ave. chord =    1.689678
     CLsurf  =   0.37370     Clsurf  =   0.07485
     CYsurf  =   0.04735     Cmsurf  =  -0.13645
     CDsurf  =   0.01435     Cnsurf  =  -0.00554
     CDisurf =   0.01435     CDvsurf =   0.00000

  Forces referred to Ssurf, Cave about hinge axis thru LE
     CLsurf  =   0.74693     CDsurf  =   0.02845
     Deflect =

 Strip Forces referred to Strip Area, Chord
    j      Yle    Chord     Area     c cl      ai      cl_norm  cl       cd       cdv    cm_c/4    cm_LE  C.P.x/c
    31  -0.0034   2.1937   0.0299   3.2028   0.0507   1.4600   1.4600  -0.1613   0.0000  -0.3630   0.7270    0.499
    32  -0.0304   2.1884   0.0891   1.8539   0.0493   0.8472   0.8472   0.0214   0.0000  -0.2313   0.4424    0.523
    33  -0.0840   2.1777   0.1468   1.7478   0.0477   0.8026   0.8026   0.0318   0.0000  -0.2224   0.4225    0.527
    34  -0.1638   2.1619   0.2017   1.7214   0.0473   0.7963   0.7963   0.0351   0.0000  -0.2227   0.4212    0.530
    35  -0.2688   2.1410   0.2531   1.7054   0.0481   0.7966   0.7966   0.0333   0.0000  -0.2253   0.4238    0.533
    36  -0.3979   2.1154   0.3000   1.7137   0.0501   0.8101   0.8101   0.0412   0.0000  -0.2329   0.4348    0.537
    37  -0.5496   2.0852   0.3417   1.7273   0.0534   0.8283   0.8283   0.0386   0.0000  -0.2435   0.4499    0.544
    38  -0.7223   2.0509   0.3776   1.7046   0.0583   0.8311   0.8311   0.0364   0.0000  -0.2498   0.4569    0.551
    39  -0.9142   2.0128   0.4073   1.6851   0.0652   0.8372   0.8372   0.0398   0.0000  -0.2570   0.4657    0.557
    40  -1.1285   1.9703   0.4526   1.6670   0.0673   0.8461   0.8461   0.0405   0.0000  -0.2663   0.4771    0.565
    41  -1.3637   1.9236   0.4694   1.6342   0.0650   0.8496   0.8496   0.0378   0.0000  -0.2719   0.4836    0.570
    42  -1.6118   1.8743   0.4793   1.5831   0.0674   0.8446   0.8446   0.0359   0.0000  -0.2755   0.4860    0.576
    43  -1.8700   1.8230   0.4823   1.5196   0.0768   0.8335   0.8335   0.0357   0.0000  -0.2780   0.4857    0.584
    44  -2.1357   1.7703   0.4789   1.4546   0.0888   0.8217   0.8217   0.0337   0.0000  -0.2802   0.4849    0.591
    45  -2.4057   1.7167   0.4695   1.3860   0.0910   0.8074   0.8074   0.0308   0.0000  -0.2819   0.4831    0.599
    46  -2.6723   1.6637   0.4384   1.3161   0.0856   0.7911   0.7911   0.0272   0.0000  -0.2831   0.4802    0.608
    47  -2.9325   1.6120   0.4201   1.2379   0.0790   0.7679   0.7679   0.0266   0.0000  -0.2827   0.4740    0.618
    48  -3.1884   1.5612   0.3979   1.1650   0.0729   0.7462   0.7462   0.0232   0.0000  -0.2826   0.4685    0.629
    49  -3.4372   1.5118   0.3724   1.0851   0.0678   0.7178   0.7177   0.0206   0.0000  -0.2808   0.4596    0.641
    50  -3.6775   1.4641   0.3480   1.0037   0.0643   0.6856   0.6856   0.0197   0.0000  -0.2778   0.4486    0.655
    51  -3.9066   1.4186   0.3174   0.9218   0.0623   0.6498   0.6498   0.0187   0.0000  -0.2732   0.4350    0.670
    52  -4.1206   1.3761   0.2853   0.8387   0.0615   0.6095   0.6095   0.0173   0.0000  -0.2663   0.4181    0.687
    53  -4.3172   1.3370   0.2522   0.7557   0.0619   0.5652   0.5652   0.0151   0.0000  -0.2567   0.3974    0.704
    54  -4.4942   1.3019   0.2186   0.6700   0.0636   0.5147   0.5147   0.0137   0.0000  -0.2430   0.3712    0.722
    55  -4.6536   1.2702   0.1944   0.5856   0.0700   0.4611   0.4611   0.0129   0.0000  -0.2244   0.3392    0.737
    56  -4.7929   1.2426   0.1585   0.4927   0.0806   0.3965   0.3965   0.0143   0.0000  -0.1986   0.2974    0.751
    57  -4.9062   1.2201   0.1229   0.3944   0.0914   0.3233   0.3233   0.0137   0.0000  -0.1661   0.2465    0.764
    58  -4.9923   1.2030   0.0875   0.2886   0.1021   0.2399   0.2399   0.0124   0.0000  -0.1260   0.1858    0.775
    59  -5.0502   1.1915   0.0524   0.1769   0.1116   0.1484   0.1484   0.0094   0.0000  -0.0792   0.1162    0.784
    60  -5.0794   1.1857   0.0174   0.0599   0.1175   0.0505   0.0505   0.0035   0.0000  -0.0271   0.0397    0.787

  Surface # 3     horizontal_stabilizer                   
     # Chordwise = 10   # Spanwise = 30     First strip = 61
     Surface area =    2.000000       Ave. chord =    1.000000
     CLsurf  =  -0.04316     Clsurf  =   0.00363
     CYsurf  =   0.00020     Cmsurf  =   0.11533
     CDsurf  =  -0.00197     Cnsurf  =  -0.00026
     CDisurf =  -0.00197     CDvsurf =   0.00000

  Forces referred to Ssurf, Cave about hinge axis thru LE
     CLsurf  =  -0.37071     CDsurf  =  -0.01691
     Deflect =

 Strip Forces referred to Strip Area, Chord
    j      Yle    Chord     Area     c cl      ai      cl_norm  cl       cd       cdv    cm_c/4    cm_LE  C.P.x/c
    61   0.0016   1.1973   0.0076  -0.4658   0.0224  -0.3903  -0.3891   0.0788   0.0000  -0.0087   0.0881    0.228
    62   0.0142   1.1948   0.0226  -0.4658   0.0226  -0.3910  -0.3898  -0.0063   0.0000  -0.0087   0.0882    0.228
    63   0.0394   1.1898   0.0373  -0.4657   0.0228  -0.3926  -0.3914  -0.0128   0.0000  -0.0090   0.0884    0.227
    64   0.0768   1.1824   0.0513  -0.4654   0.0231  -0.3948  -0.3936  -0.0146   0.0000  -0.0094   0.0886    0.226
    65   0.1222   1.1734   0.0549  -0.4650   0.0233  -0.3975  -0.3962  -0.0151   0.0000  -0.0098   0.0887    0.225
    66   0.1738   1.1632   0.0653  -0.4643   0.0234  -0.4004  -0.3992  -0.0159   0.0000  -0.0104   0.0889    0.224
    67   0.2344   1.1513   0.0747  -0.4612   0.0235  -0.4019  -0.4006  -0.0170   0.0000  -0.0107   0.0890    0.223
    68   0.3034   1.1376   0.0830  -0.4609   0.0235  -0.4064  -0.4052  -0.0175   0.0000  -0.0115   0.0893    0.222
    69   0.3800   1.1225   0.0900  -0.4583   0.0235  -0.4096  -0.4083  -0.0177   0.0000  -0.0122   0.0894    0.220
    70   0.4634   1.1060   0.0957  -0.4548   0.0233  -0.4125  -0.4112  -0.0186   0.0000  -0.0129   0.0894    0.219
    71   0.5527   1.0884   0.1000  -0.4501   0.0232  -0.4149  -0.4136  -0.0188   0.0000  -0.0136   0.0893    0.217
    72   0.6469   1.0697   0.1030  -0.4442   0.0229  -0.4165  -0.4152  -0.0195   0.0000  -0.0143   0.0890    0.216
    73   0.7450   1.0504   0.1046  -0.4368   0.0226  -0.4171  -0.4158  -0.0201   0.0000  -0.0150   0.0884    0.214
    74   0.8459   1.0304   0.1050  -0.4277   0.0223  -0.4163  -0.4150  -0.0205   0.0000  -0.0158   0.0875    0.212
    75   0.9484   1.0102   0.1040  -0.4167   0.0219  -0.4138  -0.4125  -0.0206   0.0000  -0.0165   0.0861    0.210
    76   1.0516   0.9898   0.1019  -0.4037   0.0214  -0.4091  -0.4078  -0.0204   0.0000  -0.0173   0.0842    0.208
    77   1.1541   0.9696   0.0987  -0.3886   0.0208  -0.4021  -0.4008  -0.0201   0.0000  -0.0180   0.0818    0.205
    78   1.2550   0.9496   0.0946  -0.3714   0.0201  -0.3923  -0.3911  -0.0197   0.0000  -0.0187   0.0787    0.202
    79   1.3531   0.9303   0.0896  -0.3520   0.0194  -0.3796  -0.3784  -0.0193   0.0000  -0.0193   0.0749    0.199
    80   1.4473   0.9116   0.0838  -0.3305   0.0186  -0.3637  -0.3626  -0.0182   0.0000  -0.0198   0.0705    0.195
    81   1.5366   0.8940   0.0773  -0.3070   0.0178  -0.3445  -0.3434  -0.0176   0.0000  -0.0201   0.0654    0.191
    82   1.6200   0.8775   0.0703  -0.2816   0.0170  -0.3219  -0.3209  -0.0164   0.0000  -0.0202   0.0597    0.187
    83   1.6966   0.8624   0.0629  -0.2545   0.0161  -0.2960  -0.2951  -0.0148   0.0000  -0.0200   0.0535    0.182
    84   1.7656   0.8487   0.0551  -0.2258   0.0153  -0.2669  -0.2660  -0.0135   0.0000  -0.0193   0.0469    0.177
    85   1.8262   0.8368   0.0470  -0.1958   0.0146  -0.2348  -0.2340  -0.0116   0.0000  -0.0182   0.0401    0.172
    86   1.8778   0.8266   0.0387  -0.1647   0.0139  -0.1999  -0.1993  -0.0101   0.0000  -0.0165   0.0331    0.167
    87   1.9232   0.8176   0.0355  -0.1314   0.0132  -0.1612  -0.1607  -0.0079   0.0000  -0.0142   0.0259    0.162
    88   1.9606   0.8102   0.0254  -0.0949   0.0126  -0.1175  -0.1171  -0.0056   0.0000  -0.0109   0.0183    0.157
    89   1.9858   0.8052   0.0153  -0.0573   0.0122  -0.0714  -0.0712  -0.0036   0.0000  -0.0069   0.0109    0.153
    90   1.9984   0.8027   0.0051  -0.0192   0.0119  -0.0239  -0.0239  -0.0017   0.0000  -0.0023   0.0036    0.152

  Surface # 4     horizontal_stabilizer (YDUP)            
     # Chordwise = 10   # Spanwise = 30     First strip = 91
     Surface area =    2.000000       Ave. chord =    1.000000
     CLsurf  =  -0.04316     Clsurf  =  -0.00363
     CYsurf  =  -0.00020     Cmsurf  =   0.11533
     CDsurf  =  -0.00197     Cnsurf  =   0.00026
     CDisurf =  -0.00197     CDvsurf =   0.00000

  Forces referred to Ssurf, Cave about hinge axis thru LE
     CLsurf  =  -0.37071     CDsurf  =  -0.01691
     Deflect =

 Strip Forces referred to Strip Area, Chord
    j      Yle    Chord     Area     c cl      ai      cl_norm  cl       cd       cdv    cm_c/4    cm_LE  C.P.x/c
    91  -0.0016   1.1973   0.0076  -0.4658   0.0224  -0.3903  -0.3891   0.0788   0.0000  -0.0087  -0.0881    0.228
    92  -0.0142   1.1948   0.0226  -0.4658   0.0226  -0.3910  -0.3898  -0.0063   0.0000  -0.0087  -0.0882    0.228
    93  -0.0394   1.1898   0.0373  -0.4657   0.0228  -0.3926  -0.3914  -0.0128   0.0000  -0.0090  -0.0884    0.227
    94  -0.0768   1.1824   0.0513  -0.4654   0.0231  -0.3948  -0.3936  -0.0146   0.0000  -0.0094  -0.0886    0.226
    95  -0.1222   1.1734   0.0549  -0.4650   0.0233  -0.3975  -0.3962  -0.0151   0.0000  -0.0098  -0.0887    0.225
    96  -0.1738   1.1632   0.0653  -0.4643   0.0234  -0.4004  -0.3992  -0.0159   0.0000  -0.0104  -0.0889    0.224
    97  -0.2344   1.1513   0.0747  -0.4612   0.0235  -0.4019  -0.4006  -0.0170   0.0000  -0.0107  -0.0890    0.223
    98  -0.3034   1.1376   0.0830  -0.4609   0.0235  -0.4064  -0.4051  -0.0175   0.0000  -0.0115  -0.0893    0.222
    99  -0.3800   1.1225   0.0900  -0.4583   0.0235  -0.4096  -0.4083  -0.0177   0.0000  -0.0122  -0.0894    0.220
   100  -0.4634   1.1060   0.0957  -0.4548   0.0233  -0.4125  -0.4112  -0.0186   0.0000  -0.0129  -0.0894    0.219
   101  -0.5527   1.0884   0.1000  -0.4501   0.0232  -0.4149  -0.4136  -0.0188   0.0000  -0.0136  -0.0893    0.217
   102  -0.6469   1.0697   0.1030  -0.4442   0.0229  -0.4165  -0.4152  -0.0195   0.0000  -0.0143  -0.0890    0.216
   103  -0.7450   1.0504   0.1046  -0.4368   0.0226  -0.4171  -0.4158  -0.0201   0.0000  -0.0150  -0.0884    0.214
   104  -0.8459   1.0304   0.1050  -0.4277   0.0223  -0.4163  -0.4150  -0.0205   0.0000  -0.0158  -0.0875    0.212
   105  -0.9484   1.0102   0.1040  -0.4167   0.0219  -0.4138  -0.4125  -0.0206   0.0000  -0.0165  -0.0861    0.210
   106  -1.0516   0.9898   0.1019  -0.4037   0.0214  -0.4091  -0.4078  -0.0204   0.0000  -0.0173  -0.0842    0.208
   107  -1.1541   0.9696   0.0987  -0.3886   0.0208  -0.4021  -0.4008  -0.0201   0.0000  -0.0180  -0.0818    0.205
   108  -1.2550   0.9496   0.0946  -0.3714   0.0201  -0.3923  -0.3911  -0.0197   0.0000  -0.0187  -0.0787    0.202
   109  -1.3531   0.9303   0.0896  -0.3520   0.0194  -0.3796  -0.3784  -0.0193   0.0000  -0.0193  -0.0749    0.199
   110  -1.4473   0.9116   0.0838  -0.3305   0.0186  -0.3637  -0.3626  -0.0182   0.0000  -0.0198  -0.0705    0.195
   111  -1.5366   0.8940   0.0773  -0.3070   0.0178  -0.3445  -0.3434  -0.0176   0.0000  -0.0201  -0.0654    0.191
   112  -1.6200   0.8775   0.0703  -0.2816   0.0170  -0.3219  -0.3209  -0.0164   0.0000  -0.0202  -0.0597    0.187
   113  -1.6966   0.8624   0.0629  -0.2545   0.0162  -0.2960  -0.2951  -0.0148   0.0000  -0.0200  -0.0535    0.182
   114  -1.7656   0.8487   0.0551  -0.2258   0.0153  -0.2669  -0.2660  -0.0135   0.0000  -0.0193  -0.0469    0.177
   115  -1.8262   0.8368   0.0470  -0.1958   0.0146  -0.2348  -0.2340  -0.0116   0.0000  -0.0182  -0.0401    0.172
   116  -1.8778   0.8266   0.0387  -0.1647   0.0139  -0.1999  -0.1993  -0.0101   0.0000  -0.0165  -0.0331    0.167
   117  -1.9232   0.8176   0.0355  -0.1314   0.0132  -0.1612  -0.1607  -0.0079   0.0000  -0.0142  -0.0259    0.162
   118  -1.9606   0.8102   0.0254  -0.0949   0.0126  -0.1175  -0.1171  -0.0056   0.0000  -0.0109  -0.0183    0.157
   119  -1.9858   0.8052   0.0153  -0.0573   0.0122  -0.0714  -0.0712  -0.0036   0.0000  -0.0069  -0.0109    0.153
   120  -1.9984   0.8027   0.0051  -0.0192   0.0119  -0.0239  -0.0239  -0.0017   0.0000  -0.0023  -0.0036    0.152

  Surface # 5     vertical_stabilizer                     
     # Chordwise = 10   # Spanwise = 30     First strip =121
     Surface area =    1.336749       Ave. chord =    0.902233
     CLsurf  =   0.00000     Clsurf  =  -0.00000
     CYsurf  =  -0.00000     Cmsurf  =  -0.00000
     CDsurf  =  -0.00000     Cnsurf  =   0.00000
     CDisurf =  -0.00000     CDvsurf =   0.00000

  Forces referred to Ssurf, Cave about hinge axis thru LE
     CLsurf  =   0.00000     CDsurf  =  -0.00000
     Deflect =

 Strip Forces referred to Strip Area, Chord
    j      Yle    Chord     Area     c cl      ai      cl_norm  cl       cd       cdv    cm_c/4    cm_LE  C.P.x/c
   121   0.0000   1.2152   0.0161   0.0000  -0.0000   0.0000   0.0000   0.0000   0.0000   0.0000  -0.0000    0.207
   122   0.0000   1.2078   0.0261   0.0000  -0.0000   0.0000   0.0000   0.0000   0.0000   0.0000  -0.0000    0.194
   123   0.0000   1.1968   0.0358   0.0000  -0.0000   0.0000   0.0000   0.0000   0.0000   0.0000  -0.0000    0.193
   124   0.0000   1.1824   0.0448   0.0000  -0.0000   0.0000   0.0000  -0.0000   0.0000   0.0000  -0.0000    0.184
   125   0.0000   1.1646   0.0530   0.0000  -0.0000   0.0000   0.0000  -0.0000   0.0000   0.0000  -0.0000    0.183
   126   0.0000   1.1454   0.0506   0.0000  -0.0000   0.0000   0.0000  -0.0000   0.0000   0.0000  -0.0000    0.182
   127   0.0000   1.1254   0.0560   0.0000  -0.0000   0.0000   0.0000  -0.0000   0.0000   0.0000  -0.0000    0.183
   128   0.0000   1.1031   0.0606   0.0000  -0.0000   0.0000   0.0000  -0.0000   0.0000   0.0000  -0.0000    0.182
   129   0.0000   1.0787   0.0642   0.0000  -0.0000   0.0000   0.0000  -0.0000   0.0000   0.0000  -0.0000    0.186
   130   0.0000   1.0525   0.0669   0.0000  -0.0000   0.0000   0.0000  -0.0000   0.0000   0.0000  -0.0000    0.184
   131   0.0000   1.0247   0.0685   0.0000  -0.0000   0.0000   0.0000  -0.0000   0.0000   0.0000  -0.0000    0.184
   132   0.0000   0.9956   0.0692   0.0000  -0.0000   0.0000   0.0000  -0.0000   0.0000   0.0000  -0.0000    0.192
   133   0.0000   0.9655   0.0690   0.0000  -0.0000   0.0000   0.0000  -0.0000   0.0000   0.0000  -0.0000    0.192
   134   0.0000   0.9348   0.0680   0.0000  -0.0000   0.0000   0.0000  -0.0000   0.0000   0.0000  -0.0000    0.190
   135   0.0000   0.9037   0.0662   0.0000   0.0000   0.0000   0.0000  -0.0000   0.0000   0.0000  -0.0000    0.192
   136   0.0000   0.8726   0.0636   0.0000  -0.0000   0.0000   0.0000  -0.0000   0.0000   0.0000  -0.0000    0.194
   137   0.0000   0.8417   0.0605   0.0000  -0.0000   0.0000   0.0000  -0.0000   0.0000   0.0000  -0.0000    0.195
   138   0.0000   0.8114   0.0569   0.0000  -0.0000   0.0000   0.0000  -0.0000   0.0000   0.0000  -0.0000    0.196
   139   0.0000   0.7821   0.0529   0.0000  -0.0000   0.0000   0.0000  -0.0000   0.0000   0.0000  -0.0000    0.195
   140   0.0000   0.7540   0.0485   0.0000  -0.0000   0.0000   0.0000  -0.0000   0.0000   0.0000  -0.0000    0.197
   141   0.0000   0.7274   0.0440   0.0000  -0.0000   0.0000   0.0000  -0.0000   0.0000   0.0000  -0.0000    0.193
   142   0.0000   0.7025   0.0393   0.0000  -0.0000   0.0000   0.0000  -0.0000   0.0000   0.0000  -0.0000    0.192
   143   0.0000   0.6798   0.0346   0.0000  -0.0000   0.0000   0.0000  -0.0000   0.0000   0.0000  -0.0000    0.184
   144   0.0000   0.6593   0.0298   0.0000  -0.0000   0.0000   0.0000  -0.0000   0.0000   0.0000  -0.0000    0.176
   145   0.0000   0.6402   0.0283   0.0000  -0.0000   0.0000   0.0000  -0.0000   0.0000   0.0000  -0.0000    0.171
   146   0.0000   0.6229   0.0230   0.0000  -0.0000   0.0000   0.0000  -0.0000   0.0000   0.0000  -0.0000    0.165
   147   0.0000   0.6088   0.0177   0.0000  -0.0000   0.0000   0.0000  -0.0000   0.0000   0.0000  -0.0000    0.158
   148   0.0000   0.5981   0.0126   0.0000  -0.0000   0.0000   0.0000  -0.0000   0.0000   0.0000  -0.0000    0.153
   149   0.0000   0.5910   0.0075   0.0000  -0.0000   0.0000   0.0000  -0.0000   0.0000   0.0000  -0.0000    0.150
   150   0.0000   0.5874   0.0025   0.0000   0.0000   0.0000   0.0000  -0.0000   0.0000   0.0000  -0.0000    0.149
 ---------------------------------------------------------------
