 ---------------------------------------------------------------
 Surface and Strip Forces by surface

  Forces referred to Sref, Cref, Bref about Xref, Yref, Zref
 Standard axis orientation,  X fwd, Z down         

  Surface # 1     main_wing                               
     # Chordwise =  4   # Spanwise = 20     First strip =  1
     Surface area =    8.662523       Ave. chord =    1.689634
     CLsurf  =   0.39213     Clsurf  =  -0.07930
     CYsurf  =  -0.05169     Cmsurf  =  -0.02419
     CDsurf  =   0.01564     Cnsurf  =   0.00088
     CDisurf =   0.01564     CDvsurf =   0.00000

  Forces referred to Ssurf, Cave about hinge axis thru LE
     CLsurf  =   0.78430     CDsurf  =   0.03102
     Deflect =

 Strip Forces referred to Strip Area, Chord
    j      Yle    Chord     Area     c cl      ai      cl_norm  cl       cd       cdv    cm_c/4    cm_LE  C.P.x/c
     1   0.0076   2.1929   0.0672   2.6253   0.0689   1.1990   1.1989  -0.0277   0.0000  -0.2105  -0.5092    0.426
     2   0.0681   2.1809   0.1987   1.8461   0.0682   0.8458   0.8458   0.0362   0.0000  -0.1538  -0.3651    0.432
     3   0.1877   2.1571   0.3222   1.7860   0.0681   0.8271   0.8271   0.0400   0.0000  -0.1523  -0.3589    0.434
     4   0.3634   2.1222   0.4328   1.7699   0.0701   0.8331   0.8331   0.0408   0.0000  -0.1569  -0.3650    0.438
     5   0.5909   2.0770   0.5265   1.7572   0.0749   0.8455   0.8454   0.0322   0.0000  -0.1651  -0.3762    0.445
     6   0.8645   2.0227   0.6004   1.7491   0.0828   0.8638   0.8637   0.0435   0.0000  -0.1764  -0.3922    0.454
     7   1.1860   1.9589   0.6858   1.7189   0.0840   0.8767   0.8766   0.0398   0.0000  -0.1859  -0.4048    0.462
     8   1.5487   1.8868   0.7158   1.6586   0.0790   0.8784   0.8783   0.0368   0.0000  -0.1902  -0.4095    0.467
     9   1.9359   1.8100   0.7226   1.5731   0.0822   0.8685   0.8684   0.0355   0.0000  -0.1927  -0.4095    0.472
    10   2.3380   1.7301   0.7082   1.4742   0.0849   0.8515   0.8515   0.0330   0.0000  -0.1942  -0.4067    0.478
    11   2.7172   1.6548   0.5847   1.3740   0.0789   0.8299   0.8298   0.0296   0.0000  -0.1948  -0.4019    0.485
    12   3.0642   1.5859   0.5465   1.2720   0.0731   0.8017   0.8016   0.0272   0.0000  -0.1943  -0.3944    0.492
    13   3.3984   1.5195   0.4975   1.1640   0.0687   0.7657   0.7656   0.0259   0.0000  -0.1929  -0.3839    0.502
    14   3.7543   1.4488   0.5599   1.0456   0.0665   0.7213   0.7213   0.0241   0.0000  -0.1904  -0.3704    0.514
    15   4.1178   1.3766   0.4744   0.9136   0.0674   0.6634   0.6633   0.0208   0.0000  -0.1856  -0.3511    0.530
    16   4.4355   1.3135   0.3866   0.7701   0.0719   0.5860   0.5859   0.0199   0.0000  -0.1754  -0.3216    0.549
    17   4.6908   1.2629   0.2779   0.6244   0.0852   0.4941   0.4941   0.0198   0.0000  -0.1571  -0.2803    0.568
    18   4.8804   1.2252   0.1975   0.4692   0.1052   0.3825   0.3825   0.0187   0.0000  -0.1278  -0.2233    0.584
    19   5.0095   1.1996   0.1180   0.2937   0.1233   0.2445   0.2445   0.0141   0.0000  -0.0850  -0.1460    0.598
    20   5.0748   1.1866   0.0392   0.1001   0.1338   0.0842   0.0842   0.0060   0.0000  -0.0299  -0.0510    0.605

  Surface # 2     main_wing (YDUP)                        
     # Chordwise =  4   # Spanwise = 20     First strip = 21
     Surface area =    8.662523       Ave. chord =    1.689634
     CLsurf  =   0.39213     Clsurf  =   0.07930
     CYsurf  =   0.05169     Cmsurf  =  -0.02419
     CDsurf  =   0.01564     Cnsurf  =  -0.00088
     CDisurf =   0.01564     CDvsurf =   0.00000

  Forces referred to Ssurf, Cave about hinge axis thru LE
     CLsurf  =   0.78430     CDsurf  =   0.03102
     Deflect =

 Strip Forces referred to Strip Area, Chord
    j      Yle    Chord     Area     c cl      ai      cl_norm  cl       cd       cdv    cm_c/4    cm_LE  C.P.x/c
    21  -0.0076   2.1929   0.0672   2.6253   0.0689   1.1990   1.1989  -0.0277   0.0000  -0.2105   0.5092    0.426
    22  -0.0681   2.1809   0.1987   1.8461   0.0682   0.8458   0.8458   0.0362   0.0000  -0.1538   0.3651    0.432
    23  -0.1877   2.1571   0.3222   1.7860   0.0681   0.8271   0.8271   0.0400   0.0000  -0.1523   0.3589    0.434
    24  -0.3634   2.1222   0.4328   1.7699   0.0701   0.8331   0.8331   0.0408   0.0000  -0.1569   0.3650    0.438
    25  -0.5909   2.0770   0.5265   1.7572   0.0749   0.8455   0.8454   0.0322   0.0000  -0.1651   0.3762    0.445
    26  -0.8645   2.0227   0.6004   1.7491   0.0828   0.8638   0.8637   0.0435   0.0000  -0.1764   0.3922    0.454
    27  -1.1860   1.9589   0.6858   1.7189   0.0840   0.8767   0.8766   0.0398   0.0000  -0.1859   0.4048    0.462
    28  -1.5487   1.8868   0.7158   1.6586   0.0790   0.8784   0.8783   0.0368   0.0000  -0.1902   0.4095    0.467
    29  -1.9359   1.8100   0.7226   1.5731   0.0822   0.8685   0.8684   0.0355   0.0000  -0.1927   0.4095    0.472
    30  -2.3380   1.7301   0.7082   1.4742   0.0849   0.8515   0.8515   0.0330   0.0000  -0.1942   0.4067    0.478
    31  -2.7172   1.6548   0.5847   1.3740   0.0789   0.8299   0.8298   0.0296   0.0000  -0.1948   0.4019    0.485
    32  -3.0642   1.5859   0.5465   1.2720   0.0731   0.8017   0.8016   0.0272   0.0000  -0.1943   0.3944    0.492
    33  -3.3984   1.5195   0.4975   1.1640   0.0687   0.7657   0.7656   0.0259   0.0000  -0.1929   0.3839    0.502
    34  -3.7543   1.4488   0.5599   1.0456   0.0665   0.7213   0.7213   0.0241   0.0000  -0.1904   0.3704    0.514
    35  -4.1178   1.3766   0.4744   0.9136   0.0674   0.6634   0.6633   0.0208   0.0000  -0.1856   0.3511    0.530
    36  -4.4355   1.3135   0.3866   0.7701   0.0719   0.5860   0.5859   0.0199   0.0000  -0.1754   0.3216    0.549
    37  -4.6908   1.2629   0.2779   0.6244   0.0852   0.4941   0.4941   0.0198   0.0000  -0.1571   0.2803    0.568
    38  -4.8804   1.2252   0.1975   0.4692   0.1052   0.3825   0.3825   0.0187   0.0000  -0.1278   0.2233    0.584
    39  -5.0095   1.1996   0.1180   0.2937   0.1233   0.2445   0.2445   0.0141   0.0000  -0.0850   0.1460    0.598
    40  -5.0748   1.1866   0.0392   0.1001   0.1338   0.0842   0.0842   0.0060   0.0000  -0.0299   0.0510    0.605

  Surface # 3     horizontal_stabilizer                   
     # Chordwise =  4   # Spanwise = 20     First strip = 41
     Surface area =    2.000000       Ave. chord =    1.000000
     CLsurf  =  -0.02225     Clsurf  =   0.00190
     CYsurf  =   0.00018     Cmsurf  =   0.05575
     CDsurf  =  -0.00146     Cnsurf  =  -0.00014
     CDisurf =  -0.00146     CDvsurf =   0.00000

  Forces referred to Ssurf, Cave about hinge axis thru LE
     CLsurf  =  -0.19111     CDsurf  =  -0.01253
     Deflect =

 Strip Forces referred to Strip Area, Chord
    j      Yle    Chord     Area     c cl      ai      cl_norm  cl       cd       cdv    cm_c/4    cm_LE  C.P.x/c
    41   0.0028   1.1970   0.0135  -0.2356   0.0539  -0.1979  -0.1972   0.0091   0.0000  -0.0032   0.0457    0.234
    42   0.0254   1.1926   0.0401  -0.2356   0.0540  -0.1979  -0.1973  -0.0105   0.0000  -0.0033   0.0459    0.233
    43   0.0698   1.1838   0.0652  -0.2354   0.0542  -0.1992  -0.1986  -0.0120   0.0000  -0.0034   0.0461    0.233
    44   0.1388   1.1701   0.0969  -0.2351   0.0544  -0.2013  -0.2006  -0.0127   0.0000  -0.0037   0.0463    0.232
    45   0.2319   1.1517   0.1186  -0.2345   0.0544  -0.2039  -0.2032  -0.0130   0.0000  -0.0040   0.0466    0.230
    46   0.3440   1.1296   0.1361  -0.2333   0.0543  -0.2068  -0.2062  -0.0134   0.0000  -0.0044   0.0470    0.229
    47   0.4722   1.1043   0.1492  -0.2313   0.0540  -0.2098  -0.2091  -0.0137   0.0000  -0.0048   0.0473    0.227
    48   0.6135   1.0764   0.1576  -0.2282   0.0535  -0.2124  -0.2117  -0.0141   0.0000  -0.0052   0.0475    0.225
    49   0.7642   1.0466   0.1613  -0.2235   0.0530  -0.2139  -0.2132  -0.0145   0.0000  -0.0057   0.0475    0.223
    50   0.9207   1.0157   0.1605  -0.2168   0.0523  -0.2138  -0.2131  -0.0145   0.0000  -0.0061   0.0470    0.221
    51   1.0793   0.9843   0.1555  -0.2076   0.0515  -0.2112  -0.2105  -0.0144   0.0000  -0.0066   0.0459    0.219
    52   1.2358   0.9534   0.1469  -0.1956   0.0506  -0.2055  -0.2048  -0.0140   0.0000  -0.0071   0.0439    0.215
    53   1.3865   0.9236   0.1353  -0.1808   0.0494  -0.1961  -0.1954  -0.0134   0.0000  -0.0076   0.0411    0.211
    54   1.5278   0.8957   0.1211  -0.1632   0.0481  -0.1825  -0.1819  -0.0123   0.0000  -0.0081   0.0373    0.206
    55   1.6560   0.8704   0.1049  -0.1428   0.0467  -0.1643  -0.1638  -0.0110   0.0000  -0.0084   0.0325    0.199
    56   1.7681   0.8483   0.0873  -0.1199   0.0454  -0.1416  -0.1411  -0.0094   0.0000  -0.0084   0.0268    0.191
    57   1.8612   0.8299   0.0687  -0.0947   0.0442  -0.1143  -0.1140  -0.0075   0.0000  -0.0078   0.0207    0.182
    58   1.9302   0.8162   0.0450  -0.0682   0.0432  -0.0837  -0.0834  -0.0056   0.0000  -0.0063   0.0145    0.174
    59   1.9746   0.8074   0.0271  -0.0413   0.0426  -0.0513  -0.0511  -0.0034   0.0000  -0.0042   0.0086    0.168
    60   1.9972   0.8030   0.0091  -0.0139   0.0423  -0.0173  -0.0172  -0.0013   0.0000  -0.0015   0.0028    0.165

  Surface # 4     horizontal_stabilizer (YDUP)            
     # Chordwise =  4   # Spanwise = 20     First strip = 61
     Surface area =    2.000000       Ave. chord =    1.000000
     CLsurf  =  -0.02225     Clsurf  =  -0.00190
     CYsurf  =  -0.00018     Cmsurf  =   0.05575
     CDsurf  =  -0.00146     Cnsurf  =   0.00014
     CDisurf =  -0.00146     CDvsurf =   0.00000

  Forces referred to Ssurf, Cave about hinge axis thru LE
     CLsurf  =  -0.19111     CDsurf  =  -0.01253
     Deflect =

 Strip Forces referred to Strip Area, Chord
    j      Yle    Chord     Area     c cl      ai      cl_norm  cl       cd       cdv    cm_c/4    cm_LE  C.P.x/c
    61  -0.0028   1.1970   0.0135  -0.2356   0.0539  -0.1979  -0.1972   0.0091   0.0000  -0.0032  -0.0457    0.234
    62  -0.0254   1.1926   0.0401  -0.2356   0.0540  -0.1979  -0.1973  -0.0105   0.0000  -0.0033  -0.0459    0.233
    63  -0.0698   1.1838   0.0652  -0.2354   0.0542  -0.1992  -0.1986  -0.0120   0.0000  -0.0034  -0.0461    0.233
    64  -0.1388   1.1701   0.0969  -0.2351   0.0544  -0.2013  -0.2006  -0.0127   0.0000  -0.0037  -0.0463    0.232
    65  -0.2319   1.1517   0.1186  -0.2345   0.0544  -0.2039  -0.2032  -0.0130   0.0000  -0.0040  -0.0466    0.230
    66  -0.3440   1.1296   0.1361  -0.2333   0.0543  -0.2068  -0.2062  -0.0134   0.0000  -0.0044  -0.0470    0.229
    67  -0.4722   1.1043   0.1492  -0.2313   0.0540  -0.2098  -0.2091  -0.0137   0.0000  -0.0048  -0.0473    0.227
    68  -0.6135   1.0764   0.1576  -0.2282   0.0535  -0.2124  -0.2117  -0.0141   0.0000  -0.0052  -0.0475    0.225
    69  -0.7642   1.0466   0.1613  -0.2235   0.0530  -0.2139  -0.2132  -0.0145   0.0000  -0.0057  -0.0475    0.223
    70  -0.9207   1.0157   0.1605  -0.2168   0.0523  -0.2138  -0.2131  -0.0145   0.0000  -0.0061  -0.0470    0.221
    71  -1.0793   0.9843   0.1555  -0.2076   0.0515  -0.2112  -0.2105  -0.0144   0.0000  -0.0066  -0.0459    0.219
    72  -1.2358   0.9534   0.1469  -0.1956   0.0506  -0.2055  -0.2048  -0.0140   0.0000  -0.0071  -0.0439    0.215
    73  -1.3865   0.9236   0.1353  -0.1808   0.0494  -0.1961  -0.1954  -0.0134   0.0000  -0.0076  -0.0411    0.211
    74  -1.5278   0.8957   0.1211  -0.1632   0.0481  -0.1825  -0.1819  -0.0123   0.0000  -0.0081  -0.0373    0.206
    75  -1.6560   0.8704   0.1049  -0.1428   0.0467  -0.1643  -0.1638  -0.0110   0.0000  -0.0084  -0.0325    0.199
    76  -1.7681   0.8483   0.0873  -0.1199   0.0454  -0.1416  -0.1411  -0.0094   0.0000  -0.0084  -0.0268    0.191
    77  -1.8612   0.8299   0.0687  -0.0947   0.0442  -0.1143  -0.1140  -0.0075   0.0000  -0.0078  -0.0207    0.182
    78  -1.9302   0.8162   0.0450  -0.0682   0.0432  -0.0837  -0.0834  -0.0056   0.0000  -0.0063  -0.0145    0.174
    79  -1.9746   0.8074   0.0271  -0.0413   0.0426  -0.0513  -0.0511  -0.0034   0.0000  -0.0042  -0.0086    0.168
    80  -1.9972   0.8030   0.0091  -0.0139   0.0423  -0.0173  -0.0172  -0.0013   0.0000  -0.0015  -0.0028    0.165

  Surface # 5     vertical_stabilizer                     
     # Chordwise =  4   # Spanwise = 20     First strip = 81
     Surface area =    1.336680       Ave. chord =    0.902187
     CLsurf  =   0.00000     Clsurf  =  -0.00000
     CYsurf  =  -0.00000     Cmsurf  =  -0.00000
     CDsurf  =  -0.00000     Cnsurf  =   0.00000
     CDisurf =  -0.00000     CDvsurf =   0.00000

  Forces referred to Ssurf, Cave about hinge axis thru LE
     CLsurf  =   0.00000     CDsurf  =  -0.00000
     Deflect =

 Strip Forces referred to Strip Area, Chord
    j      Yle    Chord     Area     c cl      ai      cl_norm  cl       cd       cdv    cm_c/4    cm_LE  C.P.x/c
    81   0.0000   1.2147   0.0206   0.0000   0.0000   0.0000   0.0000   0.0000   0.0000   0.0000  -0.0000    0.151
    82   0.0000   1.2045   0.0371   0.0000   0.0000   0.0000   0.0000  -0.0000   0.0000   0.0000  -0.0000    0.120
    83   0.0000   1.1886   0.0523   0.0000   0.0000   0.0000   0.0000   0.0000   0.0000   0.0000  -0.0000    0.097
    84   0.0000   1.1671   0.0658   0.0000   0.0000   0.0000   0.0000  -0.0000   0.0000   0.0000  -0.0000    0.200
    85   0.0000   1.1382   0.0906   0.0000   0.0000   0.0000   0.0000  -0.0000   0.0000   0.0000  -0.0000    0.209
    86   0.0000   1.1018   0.1003   0.0000   0.0000   0.0000   0.0000   0.0000   0.0000   0.0000  -0.0000    0.208
    87   0.0000   1.0610   0.1064   0.0000   0.0000   0.0000   0.0000  -0.0000   0.0000   0.0000  -0.0000    0.164
    88   0.0000   1.0166   0.1091   0.0000   0.0000   0.0000   0.0000  -0.0000   0.0000   0.0000  -0.0000    0.072
    89   0.0000   0.9698   0.1086   0.0000   0.0000   0.0000   0.0000  -0.0000   0.0000   0.0000  -0.0000    0.135
    90   0.0000   0.9216   0.1050   0.0000   0.0000   0.0000   0.0000  -0.0000   0.0000   0.0000  -0.0000    0.179
    91   0.0000   0.8731   0.0989   0.0000   0.0000   0.0000   0.0000  -0.0000   0.0000   0.0000  -0.0000    0.150
    92   0.0000   0.8255   0.0908   0.0000   0.0000   0.0000   0.0000  -0.0000   0.0000   0.0000  -0.0000    0.166
    93   0.0000   0.7798   0.0812   0.0000   0.0000   0.0000   0.0000  -0.0000   0.0000   0.0000  -0.0000    0.175
    94   0.0000   0.7371   0.0706   0.0000  -0.0000   0.0000   0.0000  -0.0000   0.0000   0.0000  -0.0000    0.189
    95   0.0000   0.6985   0.0595   0.0000  -0.0000   0.0000   0.0000   0.0000   0.0000   0.0000  -0.0000    0.134
    96   0.0000   0.6647   0.0483   0.0000  -0.0000   0.0000   0.0000  -0.0000   0.0000   0.0000  -0.0000    0.120
    97   0.0000   0.6356   0.0405   0.0000   0.0000   0.0000   0.0000   0.0000   0.0000   0.0000  -0.0000    0.144
    98   0.0000   0.6120   0.0285   0.0000  -0.0000   0.0000   0.0000  -0.0000   0.0000   0.0000  -0.0000    0.113
    99   0.0000   0.5960   0.0169   0.0000   0.0000   0.0000   0.0000  -0.0000   0.0000   0.0000  -0.0000    0.077
   100   0.0000   0.5879   0.0056   0.0000   0.0000   0.0000   0.0000  -0.0000   0.0000   0.0000  -0.0000    0.076
 ---------------------------------------------------------------
