 ---------------------------------------------------------------
 Surface and Strip Forces by surface

  Forces referred to Sref, Cref, Bref about Xref, Yref, Zref
 Standard axis orientation,  X fwd, Z down         

  Surface # 1     main_wing                               
     # Chordwise =  4   # Spanwise = 20     First strip =  1
     Surface area =    8.662523       Ave. chord =    1.689634
     CLsurf  =   0.49184     Clsurf  =  -0.09872
     CYsurf  =  -0.06481     Cmsurf  =  -0.04257
     CDsurf  =   0.02422     Cnsurf  =   0.00233
     CDisurf =   0.02422     CDvsurf =   0.00000

  Forces referred to Ssurf, Cave about hinge axis thru LE
     CLsurf  =   0.98373     CDsurf  =   0.04803
     Deflect =

 Strip Forces referred to Strip Area, Chord
    j      Yle    Chord     Area     c cl      ai      cl_norm  cl       cd       cdv    cm_c/4    cm_LE  C.P.x/c
     1   0.0076   2.1929   0.0672   4.2799   0.0800   1.9574   1.9573  -0.1264   0.0000  -0.3757  -0.8625    0.442
     2   0.0681   2.1809   0.1987   2.4116   0.0798   1.1049   1.1048   0.0465   0.0000  -0.2257  -0.5015    0.454
     3   0.1877   2.1571   0.3222   2.2643   0.0799   1.0484   1.0483   0.0582   0.0000  -0.2175  -0.4794    0.457
     4   0.3634   2.1222   0.4328   2.2273   0.0816   1.0479   1.0478   0.0679   0.0000  -0.2216  -0.4834    0.461
     5   0.5909   2.0770   0.5265   2.1991   0.0861   1.0576   1.0576   0.0537   0.0000  -0.2300  -0.4942    0.468
     6   0.8645   2.0227   0.6004   2.1834   0.0944   1.0779   1.0779   0.0650   0.0000  -0.2434  -0.5127    0.476
     7   1.1860   1.9589   0.6858   2.1428   0.0967   1.0925   1.0924   0.0622   0.0000  -0.2556  -0.5285    0.484
     8   1.5487   1.8868   0.7158   2.0701   0.0943   1.0958   1.0958   0.0590   0.0000  -0.2626  -0.5363    0.490
     9   1.9359   1.8100   0.7226   1.9668   0.1035   1.0854   1.0853   0.0567   0.0000  -0.2664  -0.5375    0.495
    10   2.3380   1.7301   0.7082   1.8475   0.1113   1.0667   1.0666   0.0530   0.0000  -0.2690  -0.5353    0.502
    11   2.7172   1.6548   0.5847   1.7234   0.1042   1.0405   1.0404   0.0477   0.0000  -0.2699  -0.5297    0.509
    12   3.0642   1.5859   0.5465   1.5945   0.0964   1.0046   1.0045   0.0442   0.0000  -0.2691  -0.5198    0.518
    13   3.3984   1.5195   0.4975   1.4572   0.0900   0.9582   0.9582   0.0416   0.0000  -0.2661  -0.5053    0.528
    14   3.7543   1.4488   0.5599   1.3045   0.0859   0.8997   0.8996   0.0382   0.0000  -0.2612  -0.4857    0.540
    15   4.1178   1.3766   0.4744   1.1332   0.0847   0.8226   0.8226   0.0326   0.0000  -0.2516  -0.4569    0.556
    16   4.4355   1.3135   0.3866   0.9478   0.0870   0.7210   0.7210   0.0293   0.0000  -0.2335  -0.4134    0.574
    17   4.6908   1.2629   0.2779   0.7590   0.0975   0.6004   0.6004   0.0285   0.0000  -0.2042  -0.3541    0.590
    18   4.8804   1.2252   0.1975   0.5625   0.1138   0.4586   0.4585   0.0254   0.0000  -0.1620  -0.2764    0.603
    19   5.0095   1.1996   0.1180   0.3481   0.1277   0.2897   0.2897   0.0191   0.0000  -0.1051  -0.1774    0.613
    20   5.0748   1.1866   0.0392   0.1178   0.1355   0.0990   0.0990   0.0085   0.0000  -0.0365  -0.0612    0.618

  Surface # 2     main_wing (YDUP)                        
     # Chordwise =  4   # Spanwise = 20     First strip = 21
     Surface area =    8.662523       Ave. chord =    1.689634
     CLsurf  =   0.49184     Clsurf  =   0.09872
     CYsurf  =   0.06481     Cmsurf  =  -0.04257
     CDsurf  =   0.02422     Cnsurf  =  -0.00233
     CDisurf =   0.02422     CDvsurf =   0.00000

  Forces referred to Ssurf, Cave about hinge axis thru LE
     CLsurf  =   0.98373     CDsurf  =   0.04803
     Deflect =

 Strip Forces referred to Strip Area, Chord
    j      Yle    Chord     Area     c cl      ai      cl_norm  cl       cd       cdv    cm_c/4    cm_LE  C.P.x/c
    21  -0.0076   2.1929   0.0672   4.2799   0.0800   1.9574   1.9573  -0.1264   0.0000  -0.3757   0.8625    0.442
    22  -0.0681   2.1809   0.1987   2.4116   0.0798   1.1049   1.1048   0.0465   0.0000  -0.2257   0.5015    0.454
    23  -0.1877   2.1571   0.3222   2.2643   0.0799   1.0484   1.0483   0.0582   0.0000  -0.2175   0.4794    0.457
    24  -0.3634   2.1222   0.4328   2.2273   0.0816   1.0479   1.0478   0.0679   0.0000  -0.2216   0.4834    0.461
    25  -0.5909   2.0770   0.5265   2.1991   0.0861   1.0576   1.0576   0.0537   0.0000  -0.2300   0.4942    0.468
    26  -0.8645   2.0227   0.6004   2.1834   0.0944   1.0779   1.0779   0.0650   0.0000  -0.2434   0.5127    0.476
    27  -1.1860   1.9589   0.6858   2.1428   0.0967   1.0925   1.0924   0.0622   0.0000  -0.2556   0.5285    0.484
    28  -1.5487   1.8868   0.7158   2.0701   0.0943   1.0958   1.0958   0.0590   0.0000  -0.2626   0.5363    0.490
    29  -1.9359   1.8100   0.7226   1.9668   0.1035   1.0854   1.0853   0.0567   0.0000  -0.2664   0.5375    0.495
    30  -2.3380   1.7301   0.7082   1.8475   0.1113   1.0667   1.0666   0.0530   0.0000  -0.2690   0.5353    0.502
    31  -2.7172   1.6548   0.5847   1.7234   0.1042   1.0405   1.0404   0.0477   0.0000  -0.2699   0.5297    0.509
    32  -3.0642   1.5859   0.5465   1.5945   0.0964   1.0046   1.0045   0.0442   0.0000  -0.2691   0.5198    0.518
    33  -3.3984   1.5195   0.4975   1.4572   0.0900   0.9582   0.9582   0.0416   0.0000  -0.2661   0.5053    0.528
    34  -3.7543   1.4488   0.5599   1.3045   0.0859   0.8997   0.8996   0.0382   0.0000  -0.2612   0.4857    0.540
    35  -4.1178   1.3766   0.4744   1.1332   0.0847   0.8226   0.8226   0.0326   0.0000  -0.2516   0.4569    0.556
    36  -4.4355   1.3135   0.3866   0.9478   0.0870   0.7210   0.7210   0.0293   0.0000  -0.2335   0.4134    0.574
    37  -4.6908   1.2629   0.2779   0.7590   0.0975   0.6004   0.6004   0.0285   0.0000  -0.2042   0.3541    0.590
    38  -4.8804   1.2252   0.1975   0.5625   0.1138   0.4586   0.4585   0.0254   0.0000  -0.1620   0.2764    0.603
    39  -5.0095   1.1996   0.1180   0.3481   0.1277   0.2897   0.2897   0.0191   0.0000  -0.1051   0.1774    0.613
    40  -5.0748   1.1866   0.0392   0.1178   0.1355   0.0990   0.0990   0.0085   0.0000  -0.0365   0.0612    0.618

  Surface # 3     horizontal_stabilizer                   
     # Chordwise =  4   # Spanwise = 20     First strip = 41
     Surface area =    2.000000       Ave. chord =    1.000000
     CLsurf  =  -0.03490     Clsurf  =   0.00296
     CYsurf  =   0.00031     Cmsurf  =   0.08718
     CDsurf  =  -0.00249     Cnsurf  =  -0.00026
     CDisurf =  -0.00249     CDvsurf =   0.00000

  Forces referred to Ssurf, Cave about hinge axis thru LE
     CLsurf  =  -0.29973     CDsurf  =  -0.02142
     Deflect =

 Strip Forces referred to Strip Area, Chord
    j      Yle    Chord     Area     c cl      ai      cl_norm  cl       cd       cdv    cm_c/4    cm_LE  C.P.x/c
    41   0.0028   1.1970   0.0135  -0.3734   0.0569  -0.3152  -0.3142   0.0602   0.0000  -0.0078   0.0698    0.225
    42   0.0254   1.1926   0.0401  -0.3733   0.0570  -0.3138  -0.3128  -0.0136   0.0000  -0.0079   0.0700    0.225
    43   0.0698   1.1838   0.0652  -0.3731   0.0572  -0.3157  -0.3147  -0.0196   0.0000  -0.0081   0.0703    0.224
    44   0.1388   1.1701   0.0969  -0.3726   0.0573  -0.3189  -0.3179  -0.0213   0.0000  -0.0085   0.0707    0.223
    45   0.2319   1.1517   0.1186  -0.3714   0.0574  -0.3230  -0.3219  -0.0222   0.0000  -0.0091   0.0711    0.222
    46   0.3440   1.1296   0.1361  -0.3692   0.0572  -0.3273  -0.3263  -0.0231   0.0000  -0.0099   0.0714    0.220
    47   0.4722   1.1043   0.1492  -0.3656   0.0568  -0.3316  -0.3305  -0.0236   0.0000  -0.0107   0.0716    0.218
    48   0.6135   1.0764   0.1576  -0.3600   0.0562  -0.3349  -0.3338  -0.0245   0.0000  -0.0117   0.0716    0.215
    49   0.7642   1.0466   0.1613  -0.3518   0.0555  -0.3366  -0.3355  -0.0250   0.0000  -0.0126   0.0710    0.212
    50   0.9207   1.0157   0.1605  -0.3402   0.0547  -0.3354  -0.3343  -0.0253   0.0000  -0.0136   0.0698    0.209
    51   1.0793   0.9843   0.1555  -0.3248   0.0539  -0.3304  -0.3293  -0.0251   0.0000  -0.0145   0.0676    0.206
    52   1.2358   0.9534   0.1469  -0.3052   0.0529  -0.3205  -0.3195  -0.0247   0.0000  -0.0154   0.0643    0.202
    53   1.3865   0.9236   0.1353  -0.2813   0.0518  -0.3049  -0.3039  -0.0235   0.0000  -0.0161   0.0597    0.197
    54   1.5278   0.8957   0.1211  -0.2530   0.0507  -0.2828  -0.2819  -0.0218   0.0000  -0.0166   0.0537    0.191
    55   1.6560   0.8704   0.1049  -0.2207   0.0495  -0.2539  -0.2531  -0.0196   0.0000  -0.0166   0.0466    0.184
    56   1.7681   0.8483   0.0873  -0.1848   0.0483  -0.2181  -0.2174  -0.0169   0.0000  -0.0158   0.0384    0.177
    57   1.8612   0.8299   0.0687  -0.1455   0.0473  -0.1756  -0.1750  -0.0138   0.0000  -0.0140   0.0297    0.170
    58   1.9302   0.8162   0.0450  -0.1046   0.0466  -0.1282  -0.1278  -0.0103   0.0000  -0.0110   0.0209    0.164
    59   1.9746   0.8074   0.0271  -0.0633   0.0461  -0.0784  -0.0782  -0.0068   0.0000  -0.0071   0.0125    0.160
    60   1.9972   0.8030   0.0091  -0.0212   0.0458  -0.0264  -0.0263  -0.0029   0.0000  -0.0024   0.0041    0.157

  Surface # 4     horizontal_stabilizer (YDUP)            
     # Chordwise =  4   # Spanwise = 20     First strip = 61
     Surface area =    2.000000       Ave. chord =    1.000000
     CLsurf  =  -0.03490     Clsurf  =  -0.00296
     CYsurf  =  -0.00031     Cmsurf  =   0.08718
     CDsurf  =  -0.00249     Cnsurf  =   0.00026
     CDisurf =  -0.00249     CDvsurf =   0.00000

  Forces referred to Ssurf, Cave about hinge axis thru LE
     CLsurf  =  -0.29973     CDsurf  =  -0.02142
     Deflect =

 Strip Forces referred to Strip Area, Chord
    j      Yle    Chord     Area     c cl      ai      cl_norm  cl       cd       cdv    cm_c/4    cm_LE  C.P.x/c
    61  -0.0028   1.1970   0.0135  -0.3734   0.0569  -0.3152  -0.3142   0.0602   0.0000  -0.0078  -0.0698    0.225
    62  -0.0254   1.1926   0.0401  -0.3733   0.0570  -0.3138  -0.3128  -0.0136   0.0000  -0.0079  -0.0700    0.225
    63  -0.0698   1.1838   0.0652  -0.3731   0.0572  -0.3157  -0.3147  -0.0196   0.0000  -0.0081  -0.0703    0.224
    64  -0.1388   1.1701   0.0969  -0.3726   0.0573  -0.3189  -0.3179  -0.0213   0.0000  -0.0085  -0.0707    0.223
    65  -0.2319   1.1517   0.1186  -0.3714   0.0574  -0.3230  -0.3219  -0.0222   0.0000  -0.0091  -0.0711    0.222
    66  -0.3440   1.1296   0.1361  -0.3692   0.0572  -0.3273  -0.3263  -0.0231   0.0000  -0.0099  -0.0714    0.220
    67  -0.4722   1.1043   0.1492  -0.3656   0.0568  -0.3316  -0.3305  -0.0236   0.0000  -0.0107  -0.0716    0.218
    68  -0.6135   1.0764   0.1576  -0.3600   0.0562  -0.3349  -0.3338  -0.0245   0.0000  -0.0117  -0.0716    0.215
    69  -0.7642   1.0466   0.1613  -0.3518   0.0555  -0.3366  -0.3355  -0.0250   0.0000  -0.0126  -0.0710    0.212
    70  -0.9207   1.0157   0.1605  -0.3402   0.0547  -0.3354  -0.3343  -0.0253   0.0000  -0.0136  -0.0698    0.209
    71  -1.0793   0.9843   0.1555  -0.3248   0.0539  -0.3304  -0.3293  -0.0251   0.0000  -0.0145  -0.0676    0.206
    72  -1.2358   0.9534   0.1469  -0.3052   0.0529  -0.3205  -0.3195  -0.0247   0.0000  -0.0154  -0.0643    0.202
    73  -1.3865   0.9236   0.1353  -0.2813   0.0518  -0.3049  -0.3039  -0.0235   0.0000  -0.0161  -0.0597    0.197
    74  -1.5278   0.8957   0.1211  -0.2530   0.0507  -0.2828  -0.2819  -0.0218   0.0000  -0.0166  -0.0537    0.191
    75  -1.6560   0.8704   0.1049  -0.2207   0.0495  -0.2539  -0.2531  -0.0196   0.0000  -0.0166  -0.0466    0.184
    76  -1.7681   0.8483   0.0873  -0.1848   0.0483  -0.2181  -0.2174  -0.0169   0.0000  -0.0158  -0.0384    0.177
    77  -1.8612   0.8299   0.0687  -0.1455   0.0473  -0.1756  -0.1750  -0.0138   0.0000  -0.0140  -0.0297    0.170
    78  -1.9302   0.8162   0.0450  -0.1046   0.0466  -0.1282  -0.1278  -0.0103   0.0000  -0.0110  -0.0209    0.164
    79  -1.9746   0.8074   0.0271  -0.0633   0.0461  -0.0784  -0.0782  -0.0068   0.0000  -0.0071  -0.0125    0.160
    80  -1.9972   0.8030   0.0091  -0.0212   0.0458  -0.0264  -0.0263  -0.0029   0.0000  -0.0024  -0.0041    0.157

  Surface # 5     vertical_stabilizer                     
     # Chordwise =  4   # Spanwise = 20     First strip = 81
     Surface area =    1.336680       Ave. chord =    0.902187
     CLsurf  =   0.00000     Clsurf  =  -0.00000
     CYsurf  =  -0.00000     Cmsurf  =  -0.00000
     CDsurf  =  -0.00000     Cnsurf  =   0.00000
     CDisurf =  -0.00000     CDvsurf =   0.00000

  Forces referred to Ssurf, Cave about hinge axis thru LE
     CLsurf  =   0.00000     CDsurf  =  -0.00000
     Deflect =

 Strip Forces referred to Strip Area, Chord
    j      Yle    Chord     Area     c cl      ai      cl_norm  cl       cd       cdv    cm_c/4    cm_LE  C.P.x/c
    81   0.0000   1.2147   0.0206   0.0000   0.0000   0.0000   0.0000   0.0000   0.0000   0.0000  -0.0000    0.174
    82   0.0000   1.2045   0.0371   0.0000  -0.0000   0.0000   0.0000   0.0000   0.0000   0.0000  -0.0000    0.181
    83   0.0000   1.1886   0.0523   0.0000   0.0000   0.0000   0.0000   0.0000   0.0000   0.0000  -0.0000    0.190
    84   0.0000   1.1671   0.0658   0.0000  -0.0000   0.0000   0.0000   0.0000   0.0000   0.0000  -0.0000    0.142
    85   0.0000   1.1382   0.0906   0.0000   0.0000   0.0000   0.0000  -0.0000   0.0000   0.0000  -0.0000    0.166
    86   0.0000   1.1018   0.1003   0.0000  -0.0000   0.0000   0.0000  -0.0000   0.0000   0.0000  -0.0000    0.165
    87   0.0000   1.0610   0.1064   0.0000   0.0000   0.0000   0.0000  -0.0000   0.0000   0.0000  -0.0000    0.201
    88   0.0000   1.0166   0.1091   0.0000   0.0000   0.0000   0.0000  -0.0000   0.0000   0.0000  -0.0000    0.143
    89   0.0000   0.9698   0.1086   0.0000  -0.0000   0.0000   0.0000  -0.0000   0.0000   0.0000  -0.0000    0.096
    90   0.0000   0.9216   0.1050   0.0000  -0.0000   0.0000   0.0000  -0.0000   0.0000   0.0000  -0.0000    0.095
    91   0.0000   0.8731   0.0989   0.0000  -0.0000   0.0000   0.0000   0.0000   0.0000   0.0000  -0.0000    0.132
    92   0.0000   0.8255   0.0908   0.0000  -0.0000   0.0000   0.0000  -0.0000   0.0000   0.0000  -0.0000    0.144
    93   0.0000   0.7798   0.0812   0.0000  -0.0000   0.0000   0.0000  -0.0000   0.0000   0.0000  -0.0000    0.165
    94   0.0000   0.7371   0.0706   0.0000   0.0000   0.0000   0.0000  -0.0000   0.0000   0.0000  -0.0000    0.230
    95   0.0000   0.6985   0.0595   0.0000  -0.0000   0.0000   0.0000   0.0000   0.0000   0.0000  -0.0000    0.215
    96   0.0000   0.6647   0.0483   0.0000  -0.0000   0.0000   0.0000  -0.0000   0.0000   0.0000  -0.0000    0.183
    97   0.0000   0.6356   0.0405   0.0000  -0.0000   0.0000   0.0000  -0.0000   0.0000   0.0000  -0.0000    0.230
    98   0.0000   0.6120   0.0285   0.0000   0.0000   0.0000   0.0000  -0.0000   0.0000   0.0000  -0.0000    0.223
    99   0.0000   0.5960   0.0169   0.0000  -0.0000   0.0000   0.0000  -0.0000   0.0000   0.0000  -0.0000    0.132
   100   0.0000   0.5879   0.0056   0.0000   0.0000   0.0000   0.0000  -0.0000   0.0000   0.0000  -0.0000    0.169
 ---------------------------------------------------------------
