 ---------------------------------------------------------------
 Surface and Strip Forces by surface

  Forces referred to Sref, Cref, Bref about Xref, Yref, Zref
 Standard axis orientation,  X fwd, Z down         

  Surface # 1     main_wing                               
     # Chordwise =  4   # Spanwise = 20     First strip =  1
     Surface area =    8.662523       Ave. chord =    1.689634
     CLsurf  =   0.67404     Clsurf  =  -0.13593
     CYsurf  =  -0.09959     Cmsurf  =   0.04794
     CDsurf  =   0.04796     Cnsurf  =  -0.01429
     CDisurf =   0.04796     CDvsurf =   0.00000

  Forces referred to Ssurf, Cave about hinge axis thru LE
     CLsurf  =   1.35089     CDsurf  =   0.09510
     Deflect =

 Strip Forces referred to Strip Area, Chord
    j      Yle    Chord     Area     c cl      ai      cl_norm  cl       cd       cdv    cm_c/4    cm_LE  C.P.x/c
     1   0.0076   2.1929   0.0672   4.9077   0.1708   2.2317   2.2300   0.2389   0.0000  -0.1579  -0.7175    0.321
     2   0.0681   2.1809   0.1987   3.1622   0.1691   1.4500   1.4489   0.1311   0.0000  -0.1243  -0.4872    0.336
     3   0.1877   2.1571   0.3222   3.0290   0.1675   1.4054   1.4043   0.1204   0.0000  -0.1242  -0.4757    0.338
     4   0.3634   2.1222   0.4328   2.9935   0.1679   1.4116   1.4106   0.1216   0.0000  -0.1288  -0.4819    0.341
     5   0.5909   2.0770   0.5265   2.9538   0.1706   1.4279   1.4269   0.0957   0.0000  -0.1365  -0.4924    0.346
     6   0.8645   2.0227   0.6004   2.9355   0.1753   1.4540   1.4529   0.1159   0.0000  -0.1461  -0.5093    0.351
     7   1.1860   1.9589   0.6858   2.8755   0.1716   1.4727   1.4716   0.1060   0.0000  -0.1550  -0.5224    0.355
     8   1.5487   1.8868   0.7158   2.7830   0.1566   1.4805   1.4794   0.1020   0.0000  -0.1584  -0.5276    0.357
     9   1.9359   1.8100   0.7226   2.6563   0.1376   1.4737   1.4726   0.0984   0.0000  -0.1601  -0.5274    0.359
    10   2.3380   1.7301   0.7082   2.5121   0.1207   1.4586   1.4575   0.0936   0.0000  -0.1608  -0.5242    0.360
    11   2.7172   1.6548   0.5847   2.3656   0.1150   1.4368   1.4357   0.0878   0.0000  -0.1607  -0.5185    0.362
    12   3.0642   1.5859   0.5465   2.2102   0.1138   1.4011   1.4000   0.0842   0.0000  -0.1597  -0.5084    0.364
    13   3.3984   1.5195   0.4975   2.0445   0.1144   1.3524   1.3514   0.0821   0.0000  -0.1576  -0.4943    0.367
    14   3.7543   1.4488   0.5599   1.8554   0.1178   1.2869   1.2859   0.0802   0.0000  -0.1540  -0.4745    0.370
    15   4.1178   1.3766   0.4744   1.6372   0.1257   1.1948   1.1939   0.0759   0.0000  -0.1480  -0.4456    0.374
    16   4.4355   1.3135   0.3866   1.3869   0.1381   1.0593   1.0585   0.0757   0.0000  -0.1375  -0.4017    0.380
    17   4.6908   1.2629   0.2779   1.1260   0.1596   0.8931   0.8925   0.0722   0.0000  -0.1210  -0.3441    0.386
    18   4.8804   1.2252   0.1975   0.8418   0.1876   0.6868   0.6863   0.0640   0.0000  -0.0966  -0.2686    0.391
    19   5.0095   1.1996   0.1180   0.5238   0.2128   0.4355   0.4352   0.0459   0.0000  -0.0634  -0.1726    0.396
    20   5.0748   1.1866   0.0392   0.1780   0.2275   0.1493   0.1492   0.0176   0.0000  -0.0222  -0.0598    0.399

  Surface # 2     main_wing (YDUP)                        
     # Chordwise =  4   # Spanwise = 20     First strip = 21
     Surface area =    8.662523       Ave. chord =    1.689634
     CLsurf  =   0.67404     Clsurf  =   0.13593
     CYsurf  =   0.09959     Cmsurf  =   0.04794
     CDsurf  =   0.04796     Cnsurf  =   0.01429
     CDisurf =   0.04796     CDvsurf =   0.00000

  Forces referred to Ssurf, Cave about hinge axis thru LE
     CLsurf  =   1.35089     CDsurf  =   0.09510
     Deflect =

 Strip Forces referred to Strip Area, Chord
    j      Yle    Chord     Area     c cl      ai      cl_norm  cl       cd       cdv    cm_c/4    cm_LE  C.P.x/c
    21  -0.0076   2.1929   0.0672   4.9077   0.1708   2.2317   2.2300   0.2389   0.0000  -0.1579   0.7175    0.321
    22  -0.0681   2.1809   0.1987   3.1622   0.1691   1.4500   1.4489   0.1311   0.0000  -0.1243   0.4872    0.336
    23  -0.1877   2.1571   0.3222   3.0290   0.1675   1.4054   1.4043   0.1204   0.0000  -0.1242   0.4757    0.338
    24  -0.3634   2.1222   0.4328   2.9935   0.1679   1.4116   1.4106   0.1216   0.0000  -0.1288   0.4819    0.341
    25  -0.5909   2.0770   0.5265   2.9538   0.1706   1.4279   1.4269   0.0957   0.0000  -0.1365   0.4924    0.346
    26  -0.8645   2.0227   0.6004   2.9355   0.1753   1.4540   1.4529   0.1159   0.0000  -0.1461   0.5093    0.351
    27  -1.1860   1.9589   0.6858   2.8755   0.1716   1.4727   1.4716   0.1060   0.0000  -0.1550   0.5224    0.355
    28  -1.5487   1.8868   0.7158   2.7830   0.1566   1.4805   1.4794   0.1020   0.0000  -0.1584   0.5276    0.357
    29  -1.9359   1.8100   0.7226   2.6563   0.1376   1.4737   1.4726   0.0984   0.0000  -0.1601   0.5274    0.359
    30  -2.3380   1.7301   0.7082   2.5121   0.1207   1.4586   1.4575   0.0936   0.0000  -0.1608   0.5242    0.360
    31  -2.7172   1.6548   0.5847   2.3656   0.1150   1.4368   1.4357   0.0878   0.0000  -0.1607   0.5185    0.362
    32  -3.0642   1.5859   0.5465   2.2102   0.1138   1.4011   1.4000   0.0842   0.0000  -0.1597   0.5084    0.364
    33  -3.3984   1.5195   0.4975   2.0445   0.1144   1.3524   1.3514   0.0821   0.0000  -0.1576   0.4943    0.367
    34  -3.7543   1.4488   0.5599   1.8554   0.1178   1.2869   1.2859   0.0802   0.0000  -0.1540   0.4745    0.370
    35  -4.1178   1.3766   0.4744   1.6371   0.1257   1.1948   1.1939   0.0759   0.0000  -0.1480   0.4456    0.374
    36  -4.4355   1.3135   0.3866   1.3869   0.1381   1.0593   1.0585   0.0757   0.0000  -0.1375   0.4017    0.380
    37  -4.6908   1.2629   0.2779   1.1260   0.1596   0.8931   0.8925   0.0722   0.0000  -0.1210   0.3441    0.386
    38  -4.8804   1.2252   0.1975   0.8418   0.1876   0.6868   0.6863   0.0640   0.0000  -0.0966   0.2686    0.391
    39  -5.0095   1.1996   0.1180   0.5238   0.2128   0.4355   0.4352   0.0459   0.0000  -0.0634   0.1726    0.396
    40  -5.0748   1.1866   0.0392   0.1780   0.2275   0.1493   0.1492   0.0176   0.0000  -0.0222   0.0598    0.399

  Surface # 3     horizontal_stabilizer                   
     # Chordwise =  4   # Spanwise = 20     First strip = 41
     Surface area =    2.000000       Ave. chord =    1.000000
     CLsurf  =   0.01731     Clsurf  =  -0.00147
     CYsurf  =  -0.00042     Cmsurf  =  -0.04420
     CDsurf  =   0.00263     Cnsurf  =   0.00017
     CDisurf =   0.00263     CDvsurf =   0.00000

  Forces referred to Ssurf, Cave about hinge axis thru LE
     CLsurf  =   0.14869     CDsurf  =   0.02260
     Deflect =

 Strip Forces referred to Strip Area, Chord
    j      Yle    Chord     Area     c cl      ai      cl_norm  cl       cd       cdv    cm_c/4    cm_LE  C.P.x/c
    41   0.0028   1.1970   0.0135   0.1975   0.1647   0.1617   0.1612   0.0364   0.0000  -0.0004  -0.0414    0.252
    42   0.0254   1.1926   0.0401   0.1975   0.1646   0.1641   0.1636   0.0258   0.0000  -0.0003  -0.0415    0.252
    43   0.0698   1.1838   0.0652   0.1972   0.1642   0.1653   0.1648   0.0251   0.0000  -0.0002  -0.0417    0.251
    44   0.1388   1.1701   0.0969   0.1965   0.1638   0.1666   0.1661   0.0250   0.0000  -0.0001  -0.0418    0.250
    45   0.2319   1.1517   0.1186   0.1948   0.1631   0.1678   0.1673   0.0253   0.0000   0.0001  -0.0420    0.250
    46   0.3440   1.1296   0.1361   0.1919   0.1621   0.1686   0.1680   0.0253   0.0000   0.0002  -0.0420    0.249
    47   0.4722   1.1043   0.1492   0.1875   0.1610   0.1685   0.1680   0.0253   0.0000   0.0002  -0.0420    0.249
    48   0.6135   1.0764   0.1576   0.1817   0.1599   0.1675   0.1670   0.0251   0.0000   0.0003  -0.0417    0.248
    49   0.7642   1.0466   0.1613   0.1745   0.1588   0.1654   0.1649   0.0249   0.0000   0.0003  -0.0411    0.248
    50   0.9207   1.0157   0.1605   0.1662   0.1579   0.1623   0.1618   0.0245   0.0000   0.0005  -0.0402    0.247
    51   1.0793   0.9843   0.1555   0.1569   0.1573   0.1581   0.1576   0.0239   0.0000   0.0007  -0.0389    0.245
    52   1.2358   0.9534   0.1469   0.1466   0.1570   0.1526   0.1521   0.0231   0.0000   0.0011  -0.0371    0.243
    53   1.3865   0.9236   0.1353   0.1353   0.1571   0.1453   0.1448   0.0220   0.0000   0.0017  -0.0347    0.238
    54   1.5278   0.8957   0.1211   0.1225   0.1574   0.1357   0.1353   0.0206   0.0000   0.0023  -0.0317    0.233
    55   1.6560   0.8704   0.1049   0.1081   0.1579   0.1232   0.1228   0.0187   0.0000   0.0030  -0.0279    0.226
    56   1.7681   0.8483   0.0873   0.0917   0.1587   0.1072   0.1069   0.0163   0.0000   0.0035  -0.0234    0.217
    57   1.8612   0.8299   0.0687   0.0732   0.1596   0.0875   0.0873   0.0133   0.0000   0.0037  -0.0182    0.207
    58   1.9302   0.8162   0.0450   0.0532   0.1604   0.0647   0.0645   0.0098   0.0000   0.0033  -0.0129    0.199
    59   1.9746   0.8074   0.0271   0.0325   0.1610   0.0399   0.0398   0.0060   0.0000   0.0023  -0.0077    0.192
    60   1.9972   0.8030   0.0091   0.0109   0.1612   0.0135   0.0135   0.0020   0.0000   0.0008  -0.0026    0.189

  Surface # 4     horizontal_stabilizer (YDUP)            
     # Chordwise =  4   # Spanwise = 20     First strip = 61
     Surface area =    2.000000       Ave. chord =    1.000000
     CLsurf  =   0.01731     Clsurf  =   0.00147
     CYsurf  =   0.00042     Cmsurf  =  -0.04420
     CDsurf  =   0.00263     Cnsurf  =  -0.00017
     CDisurf =   0.00263     CDvsurf =   0.00000

  Forces referred to Ssurf, Cave about hinge axis thru LE
     CLsurf  =   0.14869     CDsurf  =   0.02260
     Deflect =

 Strip Forces referred to Strip Area, Chord
    j      Yle    Chord     Area     c cl      ai      cl_norm  cl       cd       cdv    cm_c/4    cm_LE  C.P.x/c
    61  -0.0028   1.1970   0.0135   0.1975   0.1647   0.1617   0.1612   0.0364   0.0000  -0.0004   0.0414    0.252
    62  -0.0254   1.1926   0.0401   0.1975   0.1646   0.1641   0.1636   0.0258   0.0000  -0.0003   0.0415    0.252
    63  -0.0698   1.1838   0.0652   0.1972   0.1642   0.1653   0.1648   0.0251   0.0000  -0.0002   0.0417    0.251
    64  -0.1388   1.1701   0.0969   0.1965   0.1638   0.1666   0.1661   0.0250   0.0000  -0.0001   0.0418    0.250
    65  -0.2319   1.1517   0.1186   0.1948   0.1631   0.1678   0.1673   0.0253   0.0000   0.0001   0.0420    0.250
    66  -0.3440   1.1296   0.1361   0.1919   0.1621   0.1686   0.1680   0.0253   0.0000   0.0002   0.0420    0.249
    67  -0.4722   1.1043   0.1492   0.1875   0.1610   0.1685   0.1680   0.0253   0.0000   0.0002   0.0420    0.249
    68  -0.6135   1.0764   0.1576   0.1817   0.1599   0.1675   0.1670   0.0251   0.0000   0.0003   0.0417    0.248
    69  -0.7642   1.0466   0.1613   0.1745   0.1588   0.1654   0.1649   0.0249   0.0000   0.0003   0.0411    0.248
    70  -0.9207   1.0157   0.1605   0.1662   0.1579   0.1623   0.1618   0.0245   0.0000   0.0005   0.0402    0.247
    71  -1.0793   0.9843   0.1555   0.1569   0.1573   0.1581   0.1576   0.0239   0.0000   0.0007   0.0389    0.245
    72  -1.2358   0.9534   0.1469   0.1466   0.1570   0.1526   0.1521   0.0231   0.0000   0.0011   0.0371    0.243
    73  -1.3865   0.9236   0.1353   0.1353   0.1571   0.1453   0.1448   0.0220   0.0000   0.0017   0.0347    0.238
    74  -1.5278   0.8957   0.1211   0.1225   0.1574   0.1357   0.1353   0.0206   0.0000   0.0023   0.0317    0.233
    75  -1.6560   0.8704   0.1049   0.1081   0.1579   0.1232   0.1228   0.0187   0.0000   0.0030   0.0279    0.226
    76  -1.7681   0.8483   0.0873   0.0917   0.1587   0.1072   0.1069   0.0163   0.0000   0.0035   0.0234    0.217
    77  -1.8612   0.8299   0.0687   0.0732   0.1596   0.0875   0.0873   0.0133   0.0000   0.0037   0.0182    0.207
    78  -1.9302   0.8162   0.0450   0.0532   0.1604   0.0647   0.0645   0.0098   0.0000   0.0033   0.0129    0.199
    79  -1.9746   0.8074   0.0271   0.0325   0.1610   0.0399   0.0398   0.0060   0.0000   0.0023   0.0077    0.192
    80  -1.9972   0.8030   0.0091   0.0109   0.1612   0.0135   0.0135   0.0020   0.0000   0.0008   0.0026    0.189

  Surface # 5     vertical_stabilizer                     
     # Chordwise =  4   # Spanwise = 20     First strip = 81
     Surface area =    1.336680       Ave. chord =    0.902187
     CLsurf  =   0.00000     Clsurf  =   0.00000
     CYsurf  =   0.00000     Cmsurf  =  -0.00000
     CDsurf  =  -0.00000     Cnsurf  =  -0.00000
     CDisurf =  -0.00000     CDvsurf =   0.00000

  Forces referred to Ssurf, Cave about hinge axis thru LE
     CLsurf  =  -0.00000     CDsurf  =  -0.00000
     Deflect =

 Strip Forces referred to Strip Area, Chord
    j      Yle    Chord     Area     c cl      ai      cl_norm  cl       cd       cdv    cm_c/4    cm_LE  C.P.x/c
    81   0.0000   1.2147   0.0206  -0.0000  -0.0000  -0.0000  -0.0000   0.0000   0.0000  -0.0000   0.0000    0.126
    82   0.0000   1.2045   0.0371  -0.0000   0.0000  -0.0000  -0.0000  -0.0000   0.0000  -0.0000   0.0000    0.149
    83   0.0000   1.1886   0.0523  -0.0000   0.0000  -0.0000  -0.0000  -0.0000   0.0000  -0.0000   0.0000    0.147
    84   0.0000   1.1671   0.0658  -0.0000  -0.0000  -0.0000  -0.0000  -0.0000   0.0000  -0.0000   0.0000    0.203
    85   0.0000   1.1382   0.0906  -0.0000   0.0000  -0.0000  -0.0000  -0.0000   0.0000  -0.0000   0.0000    0.021
    86   0.0000   1.1018   0.1003  -0.0000   0.0000  -0.0000  -0.0000  -0.0000   0.0000  -0.0000   0.0000    0.058
    87   0.0000   1.0610   0.1064  -0.0000  -0.0000  -0.0000  -0.0000  -0.0000   0.0000  -0.0000   0.0000    0.222
    88   0.0000   1.0166   0.1091  -0.0000  -0.0000  -0.0000  -0.0000  -0.0000   0.0000  -0.0000   0.0000    0.155
    89   0.0000   0.9698   0.1086  -0.0000   0.0000  -0.0000  -0.0000  -0.0000   0.0000  -0.0000   0.0000    0.162
    90   0.0000   0.9216   0.1050  -0.0000   0.0000  -0.0000  -0.0000  -0.0000   0.0000   0.0000   0.0000    0.252
    91   0.0000   0.8731   0.0989  -0.0000   0.0000  -0.0000  -0.0000  -0.0000   0.0000  -0.0000   0.0000    0.250
    92   0.0000   0.8255   0.0908  -0.0000   0.0000  -0.0000  -0.0000  -0.0000   0.0000  -0.0000   0.0000    0.248
    93   0.0000   0.7798   0.0812  -0.0000  -0.0000  -0.0000  -0.0000   0.0000   0.0000  -0.0000   0.0000    0.229
    94   0.0000   0.7371   0.0706  -0.0000  -0.0000  -0.0000  -0.0000  -0.0000   0.0000  -0.0000   0.0000    0.171
    95   0.0000   0.6985   0.0595  -0.0000   0.0000  -0.0000  -0.0000  -0.0000   0.0000  -0.0000   0.0000    0.173
    96   0.0000   0.6647   0.0483  -0.0000   0.0000  -0.0000  -0.0000  -0.0000   0.0000  -0.0000   0.0000    0.176
    97   0.0000   0.6356   0.0405  -0.0000   0.0000  -0.0000  -0.0000  -0.0000   0.0000  -0.0000   0.0000    0.206
    98   0.0000   0.6120   0.0285  -0.0000   0.0000  -0.0000  -0.0000   0.0000   0.0000  -0.0000   0.0000    0.229
    99   0.0000   0.5960   0.0169  -0.0000  -0.0000  -0.0000  -0.0000  -0.0000   0.0000   0.0000   0.0000    0.280
   100   0.0000   0.5879   0.0056  -0.0000   0.0000  -0.0000  -0.0000  -0.0000   0.0000   0.0000   0.0000    0.256
 ---------------------------------------------------------------
