 ---------------------------------------------------------------
 Surface and Strip Forces by surface

  Forces referred to Sref, Cref, Bref about Xref, Yref, Zref
 Standard axis orientation,  X fwd, Z down         

  Surface # 1     main_wing                               
     # Chordwise =  4   # Spanwise = 20     First strip =  1
     Surface area =    8.662523       Ave. chord =    1.689634
     CLsurf  =   0.25364     Clsurf  =  -0.05110
     CYsurf  =  -0.03246     Cmsurf  =  -0.03070
     CDsurf  =   0.00674     Cnsurf  =   0.00188
     CDisurf =   0.00674     CDvsurf =   0.00000

  Forces referred to Ssurf, Cave about hinge axis thru LE
     CLsurf  =   0.50706     CDsurf  =   0.01337
     Deflect =

 Strip Forces referred to Strip Area, Chord
    j      Yle    Chord     Area     c cl      ai      cl_norm  cl       cd       cdv    cm_c/4    cm_LE  C.P.x/c
     1   0.0076   2.1929   0.0672   1.4714   0.0349   0.6710   0.6710  -0.0182   0.0000  -0.1438  -0.3111    0.464
     2   0.0681   2.1809   0.1987   1.1815   0.0343   0.5418   0.5418   0.0152   0.0000  -0.1196  -0.2547    0.471
     3   0.1877   2.1571   0.3222   1.1600   0.0346   0.5377   0.5377   0.0172   0.0000  -0.1203  -0.2544    0.474
     4   0.3634   2.1222   0.4328   1.1562   0.0373   0.5448   0.5448   0.0189   0.0000  -0.1249  -0.2607    0.479
     5   0.5909   2.0770   0.5265   1.1531   0.0426   0.5552   0.5552   0.0149   0.0000  -0.1323  -0.2707    0.488
     6   0.8645   2.0227   0.6004   1.1511   0.0508   0.5691   0.5691   0.0199   0.0000  -0.1421  -0.2840    0.500
     7   1.1860   1.9589   0.6858   1.1316   0.0525   0.5777   0.5777   0.0184   0.0000  -0.1499  -0.2939    0.509
     8   1.5487   1.8868   0.7158   1.0858   0.0486   0.5755   0.5755   0.0171   0.0000  -0.1532  -0.2967    0.516
     9   1.9359   1.8100   0.7226   1.0237   0.0537   0.5656   0.5656   0.0161   0.0000  -0.1548  -0.2958    0.524
    10   2.3380   1.7301   0.7082   0.9533   0.0584   0.5510   0.5510   0.0139   0.0000  -0.1560  -0.2933    0.533
    11   2.7172   1.6548   0.5847   0.8819   0.0531   0.5329   0.5329   0.0118   0.0000  -0.1564  -0.2893    0.544
    12   3.0642   1.5859   0.5465   0.8107   0.0475   0.5112   0.5112   0.0108   0.0000  -0.1563  -0.2837    0.556
    13   3.3984   1.5195   0.4975   0.7383   0.0431   0.4859   0.4859   0.0099   0.0000  -0.1557  -0.2768    0.571
    14   3.7543   1.4488   0.5599   0.6604   0.0405   0.4558   0.4558   0.0090   0.0000  -0.1547  -0.2683    0.589
    15   4.1178   1.3766   0.4744   0.5763   0.0407   0.4186   0.4186   0.0075   0.0000  -0.1523  -0.2566    0.614
    16   4.4355   1.3135   0.3866   0.4878   0.0444   0.3714   0.3714   0.0077   0.0000  -0.1464  -0.2389    0.644
    17   4.6908   1.2629   0.2779   0.4016   0.0572   0.3180   0.3180   0.0081   0.0000  -0.1342  -0.2134    0.672
    18   4.8804   1.2252   0.1975   0.3079   0.0777   0.2513   0.2513   0.0087   0.0000  -0.1122  -0.1748    0.697
    19   5.0095   1.1996   0.1180   0.1964   0.0974   0.1638   0.1637   0.0071   0.0000  -0.0767  -0.1175    0.718
    20   5.0748   1.1866   0.0392   0.0678   0.1094   0.0571   0.0571   0.0030   0.0000  -0.0275  -0.0417    0.731

  Surface # 2     main_wing (YDUP)                        
     # Chordwise =  4   # Spanwise = 20     First strip = 21
     Surface area =    8.662523       Ave. chord =    1.689634
     CLsurf  =   0.25364     Clsurf  =   0.05110
     CYsurf  =   0.03246     Cmsurf  =  -0.03070
     CDsurf  =   0.00674     Cnsurf  =  -0.00188
     CDisurf =   0.00674     CDvsurf =   0.00000

  Forces referred to Ssurf, Cave about hinge axis thru LE
     CLsurf  =   0.50706     CDsurf  =   0.01337
     Deflect =

 Strip Forces referred to Strip Area, Chord
    j      Yle    Chord     Area     c cl      ai      cl_norm  cl       cd       cdv    cm_c/4    cm_LE  C.P.x/c
    21  -0.0076   2.1929   0.0672   1.4714   0.0349   0.6710   0.6710  -0.0182   0.0000  -0.1438   0.3111    0.464
    22  -0.0681   2.1809   0.1987   1.1815   0.0343   0.5418   0.5418   0.0152   0.0000  -0.1196   0.2547    0.471
    23  -0.1877   2.1571   0.3222   1.1600   0.0346   0.5377   0.5377   0.0172   0.0000  -0.1203   0.2544    0.474
    24  -0.3634   2.1222   0.4328   1.1562   0.0373   0.5448   0.5448   0.0189   0.0000  -0.1249   0.2607    0.479
    25  -0.5909   2.0770   0.5265   1.1531   0.0426   0.5552   0.5552   0.0149   0.0000  -0.1323   0.2707    0.488
    26  -0.8645   2.0227   0.6004   1.1511   0.0508   0.5691   0.5691   0.0199   0.0000  -0.1421   0.2840    0.500
    27  -1.1860   1.9589   0.6858   1.1316   0.0525   0.5777   0.5777   0.0184   0.0000  -0.1499   0.2939    0.509
    28  -1.5487   1.8868   0.7158   1.0858   0.0486   0.5755   0.5755   0.0171   0.0000  -0.1532   0.2967    0.516
    29  -1.9359   1.8100   0.7226   1.0237   0.0537   0.5656   0.5656   0.0161   0.0000  -0.1548   0.2958    0.524
    30  -2.3380   1.7301   0.7082   0.9533   0.0584   0.5510   0.5510   0.0139   0.0000  -0.1560   0.2933    0.533
    31  -2.7172   1.6548   0.5847   0.8819   0.0531   0.5329   0.5329   0.0118   0.0000  -0.1564   0.2893    0.544
    32  -3.0642   1.5859   0.5465   0.8107   0.0475   0.5112   0.5112   0.0108   0.0000  -0.1563   0.2837    0.556
    33  -3.3984   1.5195   0.4975   0.7383   0.0431   0.4859   0.4859   0.0099   0.0000  -0.1557   0.2768    0.571
    34  -3.7543   1.4488   0.5599   0.6604   0.0405   0.4558   0.4558   0.0090   0.0000  -0.1547   0.2683    0.589
    35  -4.1178   1.3766   0.4744   0.5763   0.0407   0.4186   0.4186   0.0075   0.0000  -0.1523   0.2566    0.614
    36  -4.4355   1.3135   0.3866   0.4878   0.0444   0.3714   0.3714   0.0077   0.0000  -0.1464   0.2389    0.644
    37  -4.6908   1.2629   0.2779   0.4016   0.0572   0.3180   0.3180   0.0081   0.0000  -0.1342   0.2134    0.672
    38  -4.8804   1.2252   0.1975   0.3079   0.0777   0.2513   0.2513   0.0087   0.0000  -0.1122   0.1748    0.697
    39  -5.0095   1.1996   0.1180   0.1964   0.0974   0.1638   0.1637   0.0071   0.0000  -0.0767   0.1175    0.718
    40  -5.0748   1.1866   0.0392   0.0678   0.1094   0.0571   0.0571   0.0030   0.0000  -0.0275   0.0417    0.731

  Surface # 3     horizontal_stabilizer                   
     # Chordwise =  4   # Spanwise = 20     First strip = 41
     Surface area =    2.000000       Ave. chord =    1.000000
     CLsurf  =  -0.02434     Clsurf  =   0.00207
     CYsurf  =   0.00009     Cmsurf  =   0.06095
     CDsurf  =  -0.00097     Cnsurf  =  -0.00012
     CDisurf =  -0.00097     CDvsurf =   0.00000

  Forces referred to Ssurf, Cave about hinge axis thru LE
     CLsurf  =  -0.20904     CDsurf  =  -0.00830
     Deflect =

 Strip Forces referred to Strip Area, Chord
    j      Yle    Chord     Area     c cl      ai      cl_norm  cl       cd       cdv    cm_c/4    cm_LE  C.P.x/c
    41   0.0028   1.1970   0.0135  -0.2584   0.0230  -0.2165  -0.2158   0.0115   0.0000  -0.0023   0.0514    0.239
    42   0.0254   1.1926   0.0401  -0.2583   0.0232  -0.2173  -0.2166  -0.0063   0.0000  -0.0024   0.0515    0.239
    43   0.0698   1.1838   0.0652  -0.2582   0.0235  -0.2188  -0.2181  -0.0078   0.0000  -0.0025   0.0517    0.238
    44   0.1388   1.1701   0.0969  -0.2577   0.0238  -0.2210  -0.2203  -0.0083   0.0000  -0.0028   0.0520    0.237
    45   0.2319   1.1517   0.1186  -0.2568   0.0240  -0.2237  -0.2230  -0.0086   0.0000  -0.0031   0.0524    0.236
    46   0.3440   1.1296   0.1361  -0.2552   0.0241  -0.2266  -0.2259  -0.0090   0.0000  -0.0034   0.0528    0.235
    47   0.4722   1.1043   0.1492  -0.2526   0.0241  -0.2295  -0.2288  -0.0091   0.0000  -0.0036   0.0533    0.234
    48   0.6135   1.0764   0.1576  -0.2488   0.0240  -0.2319  -0.2311  -0.0096   0.0000  -0.0039   0.0535    0.233
    49   0.7642   1.0466   0.1613  -0.2432   0.0237  -0.2331  -0.2324  -0.0099   0.0000  -0.0042   0.0536    0.232
    50   0.9207   1.0157   0.1605  -0.2356   0.0232  -0.2327  -0.2319  -0.0098   0.0000  -0.0046   0.0531    0.230
    51   1.0793   0.9843   0.1555  -0.2255   0.0225  -0.2298  -0.2291  -0.0097   0.0000  -0.0050   0.0520    0.228
    52   1.2358   0.9534   0.1469  -0.2127   0.0214  -0.2238  -0.2231  -0.0094   0.0000  -0.0055   0.0500    0.226
    53   1.3865   0.9236   0.1353  -0.1970   0.0199  -0.2140  -0.2133  -0.0089   0.0000  -0.0060   0.0471    0.222
    54   1.5278   0.8957   0.1211  -0.1783   0.0181  -0.1997  -0.1991  -0.0082   0.0000  -0.0066   0.0429    0.217
    55   1.6560   0.8704   0.1049  -0.1567   0.0162  -0.1806  -0.1801  -0.0072   0.0000  -0.0072   0.0376    0.210
    56   1.7681   0.8483   0.0873  -0.1322   0.0142  -0.1564  -0.1558  -0.0061   0.0000  -0.0075   0.0313    0.202
    57   1.8612   0.8299   0.0687  -0.1049   0.0123  -0.1268  -0.1264  -0.0048   0.0000  -0.0073   0.0241    0.192
    58   1.9302   0.8162   0.0450  -0.0758   0.0107  -0.0932  -0.0929  -0.0034   0.0000  -0.0063   0.0169    0.183
    59   1.9746   0.8074   0.0271  -0.0461   0.0097  -0.0573  -0.0571  -0.0021   0.0000  -0.0043   0.0099    0.175
    60   1.9972   0.8030   0.0091  -0.0155   0.0091  -0.0193  -0.0193  -0.0009   0.0000  -0.0015   0.0033    0.171

  Surface # 4     horizontal_stabilizer (YDUP)            
     # Chordwise =  4   # Spanwise = 20     First strip = 61
     Surface area =    2.000000       Ave. chord =    1.000000
     CLsurf  =  -0.02434     Clsurf  =  -0.00207
     CYsurf  =  -0.00009     Cmsurf  =   0.06095
     CDsurf  =  -0.00097     Cnsurf  =   0.00012
     CDisurf =  -0.00097     CDvsurf =   0.00000

  Forces referred to Ssurf, Cave about hinge axis thru LE
     CLsurf  =  -0.20904     CDsurf  =  -0.00830
     Deflect =

 Strip Forces referred to Strip Area, Chord
    j      Yle    Chord     Area     c cl      ai      cl_norm  cl       cd       cdv    cm_c/4    cm_LE  C.P.x/c
    61  -0.0028   1.1970   0.0135  -0.2584   0.0230  -0.2165  -0.2158   0.0115   0.0000  -0.0023  -0.0514    0.239
    62  -0.0254   1.1926   0.0401  -0.2583   0.0232  -0.2173  -0.2166  -0.0063   0.0000  -0.0024  -0.0515    0.239
    63  -0.0698   1.1838   0.0652  -0.2582   0.0235  -0.2188  -0.2181  -0.0078   0.0000  -0.0025  -0.0517    0.238
    64  -0.1388   1.1701   0.0969  -0.2577   0.0238  -0.2210  -0.2203  -0.0083   0.0000  -0.0028  -0.0520    0.237
    65  -0.2319   1.1517   0.1186  -0.2568   0.0240  -0.2237  -0.2230  -0.0086   0.0000  -0.0031  -0.0524    0.236
    66  -0.3440   1.1296   0.1361  -0.2552   0.0241  -0.2266  -0.2259  -0.0090   0.0000  -0.0034  -0.0528    0.235
    67  -0.4722   1.1043   0.1492  -0.2526   0.0241  -0.2295  -0.2288  -0.0091   0.0000  -0.0036  -0.0533    0.234
    68  -0.6135   1.0764   0.1576  -0.2488   0.0240  -0.2319  -0.2311  -0.0096   0.0000  -0.0039  -0.0535    0.233
    69  -0.7642   1.0466   0.1613  -0.2432   0.0237  -0.2331  -0.2324  -0.0099   0.0000  -0.0042  -0.0536    0.232
    70  -0.9207   1.0157   0.1605  -0.2356   0.0232  -0.2327  -0.2319  -0.0098   0.0000  -0.0046  -0.0531    0.230
    71  -1.0793   0.9843   0.1555  -0.2255   0.0225  -0.2298  -0.2291  -0.0097   0.0000  -0.0050  -0.0520    0.228
    72  -1.2358   0.9534   0.1469  -0.2127   0.0214  -0.2238  -0.2231  -0.0094   0.0000  -0.0055  -0.0500    0.226
    73  -1.3865   0.9236   0.1353  -0.1970   0.0199  -0.2140  -0.2133  -0.0089   0.0000  -0.0060  -0.0471    0.222
    74  -1.5278   0.8957   0.1211  -0.1783   0.0181  -0.1997  -0.1991  -0.0082   0.0000  -0.0066  -0.0429    0.217
    75  -1.6560   0.8704   0.1049  -0.1567   0.0162  -0.1806  -0.1801  -0.0072   0.0000  -0.0072  -0.0376    0.210
    76  -1.7681   0.8483   0.0873  -0.1322   0.0142  -0.1564  -0.1558  -0.0061   0.0000  -0.0075  -0.0313    0.202
    77  -1.8612   0.8299   0.0687  -0.1049   0.0123  -0.1268  -0.1264  -0.0048   0.0000  -0.0073  -0.0241    0.192
    78  -1.9302   0.8162   0.0450  -0.0758   0.0107  -0.0932  -0.0929  -0.0034   0.0000  -0.0063  -0.0169    0.183
    79  -1.9746   0.8074   0.0271  -0.0461   0.0097  -0.0573  -0.0571  -0.0021   0.0000  -0.0043  -0.0099    0.175
    80  -1.9972   0.8030   0.0091  -0.0155   0.0091  -0.0193  -0.0193  -0.0009   0.0000  -0.0015  -0.0033    0.171

  Surface # 5     vertical_stabilizer                     
     # Chordwise =  4   # Spanwise = 20     First strip = 81
     Surface area =    1.336680       Ave. chord =    0.902187
     CLsurf  =   0.00000     Clsurf  =  -0.00000
     CYsurf  =  -0.00000     Cmsurf  =  -0.00000
     CDsurf  =  -0.00000     Cnsurf  =   0.00000
     CDisurf =  -0.00000     CDvsurf =   0.00000

  Forces referred to Ssurf, Cave about hinge axis thru LE
     CLsurf  =   0.00000     CDsurf  =  -0.00000
     Deflect =

 Strip Forces referred to Strip Area, Chord
    j      Yle    Chord     Area     c cl      ai      cl_norm  cl       cd       cdv    cm_c/4    cm_LE  C.P.x/c
    81   0.0000   1.2147   0.0206   0.0000   0.0000   0.0000   0.0000   0.0000   0.0000   0.0000  -0.0000    0.064
    82   0.0000   1.2045   0.0371   0.0000   0.0000   0.0000   0.0000   0.0000   0.0000   0.0000  -0.0000    0.181
    83   0.0000   1.1886   0.0523   0.0000  -0.0000   0.0000   0.0000   0.0000   0.0000   0.0000  -0.0000    0.092
    84   0.0000   1.1671   0.0658   0.0000   0.0000   0.0000   0.0000  -0.0000   0.0000   0.0000  -0.0000    0.113
    85   0.0000   1.1382   0.0906   0.0000   0.0000   0.0000   0.0000   0.0000   0.0000  -0.0000  -0.0000    0.281
    86   0.0000   1.1018   0.1003   0.0000  -0.0000   0.0000   0.0000  -0.0000   0.0000  -0.0000  -0.0000    0.299
    87   0.0000   1.0610   0.1064   0.0000   0.0000   0.0000   0.0000  -0.0000   0.0000  -0.0000  -0.0000    0.321
    88   0.0000   1.0166   0.1091   0.0000   0.0000   0.0000   0.0000  -0.0000   0.0000   0.0000  -0.0000    0.212
    89   0.0000   0.9698   0.1086   0.0000  -0.0000   0.0000   0.0000   0.0000   0.0000   0.0000   0.0000   -0.121
    90   0.0000   0.9216   0.1050   0.0000   0.0000   0.0000   0.0000  -0.0000   0.0000  -0.0000  -0.0000    0.253
    91   0.0000   0.8731   0.0989   0.0000   0.0000   0.0000   0.0000   0.0000   0.0000   0.0000  -0.0000    0.207
    92   0.0000   0.8255   0.0908   0.0000   0.0000   0.0000   0.0000   0.0000   0.0000   0.0000  -0.0000    0.249
    93   0.0000   0.7798   0.0812   0.0000   0.0000   0.0000   0.0000  -0.0000   0.0000  -0.0000  -0.0000    0.261
    94   0.0000   0.7371   0.0706   0.0000  -0.0000   0.0000   0.0000  -0.0000   0.0000   0.0000  -0.0000    0.045
    95   0.0000   0.6985   0.0595   0.0000   0.0000   0.0000   0.0000   0.0000   0.0000   0.0000  -0.0000    0.236
    96   0.0000   0.6647   0.0483   0.0000   0.0000   0.0000   0.0000  -0.0000   0.0000  -0.0000  -0.0000    0.328
    97   0.0000   0.6356   0.0405   0.0000   0.0000   0.0000   0.0000  -0.0000   0.0000   0.0000  -0.0000    0.228
    98   0.0000   0.6120   0.0285   0.0000   0.0000   0.0000   0.0000   0.0000   0.0000   0.0000  -0.0000    0.234
    99   0.0000   0.5960   0.0169   0.0000   0.0000   0.0000   0.0000   0.0000   0.0000   0.0000  -0.0000    0.113
   100   0.0000   0.5879   0.0056   0.0000   0.0000   0.0000   0.0000  -0.0000   0.0000   0.0000  -0.0000    0.154
 ---------------------------------------------------------------
