 ---------------------------------------------------------------
 Surface and Strip Forces by surface

  Forces referred to Sref, Cref, Bref about Xref, Yref, Zref
 Standard axis orientation,  X fwd, Z down         

  Surface # 1     main_wing                               
     # Chordwise = 10   # Spanwise = 30     First strip =  1
     Surface area =    8.662745       Ave. chord =    1.689678
     CLsurf  =   0.17109     Clsurf  =  -0.03384
     CYsurf  =  -0.02108     Cmsurf  =  -0.07826
     CDsurf  =   0.00328     Cnsurf  =   0.00329
     CDisurf =   0.00328     CDvsurf =   0.00000

  Forces referred to Ssurf, Cave about hinge axis thru LE
     CLsurf  =   0.34182     CDsurf  =   0.00650
     Deflect =

 Strip Forces referred to Strip Area, Chord
    j      Yle    Chord     Area     c cl      ai      cl_norm  cl       cd       cdv    cm_c/4    cm_LE  C.P.x/c
     1   0.0034   2.1937   0.0299   1.0072   0.0106   0.4586   0.4586  -0.0232   0.0000  -0.1408  -0.2552    0.557
     2   0.0304   2.1884   0.0891   0.8147   0.0091   0.3727   0.3727   0.0061   0.0000  -0.1220  -0.2148    0.577
     3   0.0840   2.1777   0.1468   0.8003   0.0083   0.3680   0.3680   0.0074   0.0000  -0.1216  -0.2131    0.580
     4   0.1638   2.1619   0.2017   0.7975   0.0087   0.3694   0.3694   0.0084   0.0000  -0.1232  -0.2151    0.584
     5   0.2688   2.1410   0.2531   0.7962   0.0102   0.3724   0.3724   0.0071   0.0000  -0.1259  -0.2186    0.588
     6   0.3979   2.1154   0.3000   0.8010   0.0128   0.3792   0.3792   0.0100   0.0000  -0.1305  -0.2248    0.594
     7   0.5496   2.0852   0.3417   0.8059   0.0166   0.3871   0.3871   0.0104   0.0000  -0.1364  -0.2327    0.602
     8   0.7223   2.0509   0.3776   0.8032   0.0216   0.3922   0.3922   0.0094   0.0000  -0.1420  -0.2396    0.612
     9   0.9142   2.0128   0.4073   0.8022   0.0283   0.3992   0.3992   0.0114   0.0000  -0.1486  -0.2478    0.622
    10   1.1285   1.9703   0.4526   0.7894   0.0301   0.4013   0.4013   0.0105   0.0000  -0.1536  -0.2534    0.633
    11   1.3637   1.9236   0.4694   0.7706   0.0273   0.4012   0.4012   0.0102   0.0000  -0.1567  -0.2565    0.641
    12   1.6118   1.8743   0.4793   0.7436   0.0283   0.3973   0.3973   0.0089   0.0000  -0.1587  -0.2575    0.649
    13   1.8700   1.8230   0.4823   0.7085   0.0350   0.3892   0.3892   0.0086   0.0000  -0.1597  -0.2565    0.660
    14   2.1357   1.7703   0.4789   0.6715   0.0442   0.3798   0.3798   0.0076   0.0000  -0.1606  -0.2550    0.673
    15   2.4057   1.7167   0.4695   0.6323   0.0460   0.3688   0.3688   0.0065   0.0000  -0.1613  -0.2530    0.687
    16   2.6723   1.6637   0.4384   0.5929   0.0418   0.3568   0.3568   0.0052   0.0000  -0.1618  -0.2505    0.703
    17   2.9325   1.6120   0.4201   0.5521   0.0369   0.3428   0.3428   0.0051   0.0000  -0.1618  -0.2471    0.722
    18   3.1884   1.5612   0.3979   0.5137   0.0322   0.3294   0.3294   0.0037   0.0000  -0.1621  -0.2440    0.742
    19   3.4372   1.5118   0.3724   0.4741   0.0283   0.3139   0.3139   0.0030   0.0000  -0.1619  -0.2400    0.766
    20   3.6775   1.4641   0.3480   0.4355   0.0255   0.2977   0.2977   0.0030   0.0000  -0.1614  -0.2355    0.792
    21   3.9066   1.4186   0.3174   0.3985   0.0241   0.2811   0.2811   0.0028   0.0000  -0.1605  -0.2304    0.821
    22   4.1206   1.3761   0.2853   0.3628   0.0236   0.2639   0.2639   0.0025   0.0000  -0.1590  -0.2246    0.853
    23   4.3172   1.3370   0.2522   0.3289   0.0243   0.2462   0.2462   0.0018   0.0000  -0.1564  -0.2176    0.885
    24   4.4942   1.3019   0.2186   0.2952   0.0264   0.2270   0.2270   0.0016   0.0000  -0.1519  -0.2083    0.919
    25   4.6536   1.2702   0.1944   0.2631   0.0336   0.2073   0.2073   0.0021   0.0000  -0.1443  -0.1959    0.946
    26   4.7929   1.2426   0.1585   0.2283   0.0456   0.1840   0.1840   0.0033   0.0000  -0.1322  -0.1779    0.968
    27   4.9062   1.2201   0.1229   0.1890   0.0585   0.1551   0.1551   0.0039   0.0000  -0.1145  -0.1530    0.988
    28   4.9923   1.2030   0.0875   0.1426   0.0719   0.1187   0.1187   0.0042   0.0000  -0.0900  -0.1195    1.008
    29   5.0502   1.1915   0.0524   0.0895   0.0846   0.0753   0.0753   0.0041   0.0000  -0.0583  -0.0769    1.024
    30   5.0794   1.1857   0.0174   0.0308   0.0934   0.0260   0.0260   0.0018   0.0000  -0.0203  -0.0268    1.031

  Surface # 2     main_wing (YDUP)                        
     # Chordwise = 10   # Spanwise = 30     First strip = 31
     Surface area =    8.662745       Ave. chord =    1.689678
     CLsurf  =   0.17109     Clsurf  =   0.03384
     CYsurf  =   0.02108     Cmsurf  =  -0.07826
     CDsurf  =   0.00328     Cnsurf  =  -0.00329
     CDisurf =   0.00328     CDvsurf =   0.00000

  Forces referred to Ssurf, Cave about hinge axis thru LE
     CLsurf  =   0.34182     CDsurf  =   0.00650
     Deflect =

 Strip Forces referred to Strip Area, Chord
    j      Yle    Chord     Area     c cl      ai      cl_norm  cl       cd       cdv    cm_c/4    cm_LE  C.P.x/c
    31  -0.0034   2.1937   0.0299   1.0072   0.0106   0.4586   0.4586  -0.0232   0.0000  -0.1408   0.2552    0.557
    32  -0.0304   2.1884   0.0891   0.8147   0.0091   0.3727   0.3727   0.0061   0.0000  -0.1220   0.2148    0.577
    33  -0.0840   2.1777   0.1468   0.8003   0.0083   0.3680   0.3680   0.0074   0.0000  -0.1216   0.2131    0.580
    34  -0.1638   2.1619   0.2017   0.7975   0.0087   0.3694   0.3694   0.0084   0.0000  -0.1232   0.2151    0.584
    35  -0.2688   2.1410   0.2531   0.7962   0.0102   0.3724   0.3724   0.0071   0.0000  -0.1259   0.2186    0.588
    36  -0.3979   2.1154   0.3000   0.8010   0.0128   0.3792   0.3792   0.0100   0.0000  -0.1305   0.2248    0.594
    37  -0.5496   2.0852   0.3417   0.8059   0.0166   0.3871   0.3871   0.0104   0.0000  -0.1364   0.2327    0.602
    38  -0.7223   2.0509   0.3776   0.8032   0.0216   0.3922   0.3922   0.0094   0.0000  -0.1420   0.2396    0.612
    39  -0.9142   2.0128   0.4073   0.8022   0.0283   0.3992   0.3992   0.0114   0.0000  -0.1486   0.2478    0.622
    40  -1.1285   1.9703   0.4526   0.7894   0.0301   0.4013   0.4013   0.0105   0.0000  -0.1536   0.2534    0.633
    41  -1.3637   1.9236   0.4694   0.7706   0.0273   0.4012   0.4012   0.0102   0.0000  -0.1567   0.2565    0.641
    42  -1.6118   1.8743   0.4793   0.7436   0.0283   0.3973   0.3973   0.0089   0.0000  -0.1587   0.2575    0.649
    43  -1.8700   1.8230   0.4823   0.7085   0.0350   0.3892   0.3892   0.0086   0.0000  -0.1597   0.2565    0.660
    44  -2.1357   1.7703   0.4789   0.6715   0.0442   0.3798   0.3798   0.0076   0.0000  -0.1606   0.2550    0.673
    45  -2.4057   1.7167   0.4695   0.6323   0.0460   0.3688   0.3688   0.0065   0.0000  -0.1613   0.2530    0.687
    46  -2.6723   1.6637   0.4384   0.5929   0.0418   0.3568   0.3568   0.0052   0.0000  -0.1618   0.2505    0.703
    47  -2.9325   1.6120   0.4201   0.5521   0.0369   0.3428   0.3428   0.0051   0.0000  -0.1618   0.2471    0.722
    48  -3.1884   1.5612   0.3979   0.5137   0.0322   0.3294   0.3294   0.0037   0.0000  -0.1621   0.2440    0.742
    49  -3.4372   1.5118   0.3724   0.4741   0.0283   0.3139   0.3139   0.0030   0.0000  -0.1619   0.2400    0.766
    50  -3.6775   1.4641   0.3480   0.4355   0.0255   0.2977   0.2977   0.0030   0.0000  -0.1614   0.2355    0.792
    51  -3.9066   1.4186   0.3174   0.3985   0.0241   0.2811   0.2811   0.0028   0.0000  -0.1605   0.2304    0.821
    52  -4.1206   1.3761   0.2853   0.3628   0.0236   0.2639   0.2639   0.0025   0.0000  -0.1590   0.2246    0.853
    53  -4.3172   1.3370   0.2522   0.3289   0.0243   0.2462   0.2462   0.0018   0.0000  -0.1564   0.2176    0.885
    54  -4.4942   1.3019   0.2186   0.2952   0.0264   0.2270   0.2270   0.0016   0.0000  -0.1519   0.2083    0.919
    55  -4.6536   1.2702   0.1944   0.2631   0.0336   0.2073   0.2073   0.0021   0.0000  -0.1443   0.1959    0.946
    56  -4.7929   1.2426   0.1585   0.2283   0.0456   0.1840   0.1840   0.0033   0.0000  -0.1322   0.1779    0.968
    57  -4.9062   1.2201   0.1229   0.1890   0.0585   0.1551   0.1551   0.0039   0.0000  -0.1145   0.1530    0.988
    58  -4.9923   1.2030   0.0875   0.1426   0.0719   0.1187   0.1187   0.0042   0.0000  -0.0900   0.1195    1.008
    59  -5.0502   1.1915   0.0524   0.0895   0.0846   0.0753   0.0753   0.0041   0.0000  -0.0583   0.0769    1.024
    60  -5.0794   1.1857   0.0174   0.0308   0.0934   0.0260   0.0260   0.0018   0.0000  -0.0203   0.0268    1.031

  Surface # 3     horizontal_stabilizer                   
     # Chordwise = 10   # Spanwise = 30     First strip = 61
     Surface area =    2.000000       Ave. chord =    1.000000
     CLsurf  =  -0.03272     Clsurf  =   0.00277
     CYsurf  =  -0.00000     Cmsurf  =   0.08766
     CDsurf  =  -0.00059     Cnsurf  =  -0.00014
     CDisurf =  -0.00059     CDvsurf =   0.00000

  Forces referred to Ssurf, Cave about hinge axis thru LE
     CLsurf  =  -0.28099     CDsurf  =  -0.00508
     Deflect =

 Strip Forces referred to Strip Area, Chord
    j      Yle    Chord     Area     c cl      ai      cl_norm  cl       cd       cdv    cm_c/4    cm_LE  C.P.x/c
    61   0.0016   1.1973   0.0076  -0.3500  -0.0050  -0.2926  -0.2917   0.0225   0.0000  -0.0023   0.0704    0.242
    62   0.0142   1.1948   0.0226  -0.3499  -0.0048  -0.2940  -0.2931  -0.0014   0.0000  -0.0023   0.0705    0.242
    63   0.0394   1.1898   0.0373  -0.3498  -0.0044  -0.2952  -0.2943  -0.0033   0.0000  -0.0025   0.0706    0.241
    64   0.0768   1.1824   0.0513  -0.3496  -0.0041  -0.2969  -0.2960  -0.0040   0.0000  -0.0028   0.0708    0.241
    65   0.1222   1.1734   0.0549  -0.3492  -0.0038  -0.2989  -0.2979  -0.0043   0.0000  -0.0031   0.0710    0.240
    66   0.1738   1.1632   0.0653  -0.3486  -0.0035  -0.3010  -0.3000  -0.0046   0.0000  -0.0033   0.0712    0.239
    67   0.2344   1.1513   0.0747  -0.3466  -0.0032  -0.3024  -0.3015  -0.0052   0.0000  -0.0034   0.0714    0.239
    68   0.3034   1.1376   0.0830  -0.3459  -0.0030  -0.3054  -0.3044  -0.0051   0.0000  -0.0038   0.0718    0.237
    69   0.3800   1.1225   0.0900  -0.3438  -0.0028  -0.3077  -0.3067  -0.0054   0.0000  -0.0041   0.0721    0.237
    70   0.4634   1.1060   0.0957  -0.3411  -0.0027  -0.3098  -0.3088  -0.0059   0.0000  -0.0043   0.0724    0.236
    71   0.5527   1.0884   0.1000  -0.3377  -0.0026  -0.3116  -0.3107  -0.0057   0.0000  -0.0046   0.0726    0.235
    72   0.6469   1.0697   0.1030  -0.3333  -0.0026  -0.3130  -0.3120  -0.0061   0.0000  -0.0048   0.0727    0.235
    73   0.7450   1.0504   0.1046  -0.3280  -0.0027  -0.3136  -0.3126  -0.0063   0.0000  -0.0051   0.0726    0.234
    74   0.8459   1.0304   0.1050  -0.3215  -0.0029  -0.3134  -0.3124  -0.0066   0.0000  -0.0053   0.0722    0.233
    75   0.9484   1.0102   0.1040  -0.3137  -0.0033  -0.3119  -0.3109  -0.0066   0.0000  -0.0057   0.0716    0.232
    76   1.0516   0.9898   0.1019  -0.3045  -0.0038  -0.3090  -0.3081  -0.0064   0.0000  -0.0060   0.0705    0.231
    77   1.1541   0.9696   0.0987  -0.2939  -0.0046  -0.3045  -0.3036  -0.0065   0.0000  -0.0064   0.0690    0.229
    78   1.2550   0.9496   0.0946  -0.2818  -0.0055  -0.2981  -0.2972  -0.0061   0.0000  -0.0068   0.0670    0.227
    79   1.3531   0.9303   0.0896  -0.2682  -0.0067  -0.2896  -0.2887  -0.0058   0.0000  -0.0073   0.0644    0.225
    80   1.4473   0.9116   0.0838  -0.2530  -0.0080  -0.2787  -0.2778  -0.0053   0.0000  -0.0079   0.0612    0.222
    81   1.5366   0.8940   0.0773  -0.2362  -0.0095  -0.2653  -0.2645  -0.0052   0.0000  -0.0085   0.0573    0.218
    82   1.6200   0.8775   0.0703  -0.2178  -0.0111  -0.2493  -0.2485  -0.0047   0.0000  -0.0090   0.0527    0.214
    83   1.6966   0.8624   0.0629  -0.1979  -0.0128  -0.2305  -0.2297  -0.0041   0.0000  -0.0095   0.0476    0.209
    84   1.7656   0.8487   0.0551  -0.1765  -0.0144  -0.2089  -0.2083  -0.0034   0.0000  -0.0098   0.0420    0.203
    85   1.8262   0.8368   0.0470  -0.1539  -0.0160  -0.1847  -0.1842  -0.0029   0.0000  -0.0098   0.0360    0.197
    86   1.8778   0.8266   0.0387  -0.1301  -0.0175  -0.1581  -0.1576  -0.0022   0.0000  -0.0095   0.0297    0.190
    87   1.9232   0.8176   0.0355  -0.1043  -0.0189  -0.1281  -0.1277  -0.0017   0.0000  -0.0086   0.0232    0.183
    88   1.9606   0.8102   0.0254  -0.0756  -0.0201  -0.0937  -0.0934  -0.0009   0.0000  -0.0069   0.0163    0.176
    89   1.9858   0.8052   0.0153  -0.0458  -0.0211  -0.0571  -0.0569  -0.0003   0.0000  -0.0045   0.0096    0.170
    90   1.9984   0.8027   0.0051  -0.0153  -0.0216  -0.0192  -0.0191  -0.0002   0.0000  -0.0016   0.0032    0.167

  Surface # 4     horizontal_stabilizer (YDUP)            
     # Chordwise = 10   # Spanwise = 30     First strip = 91
     Surface area =    2.000000       Ave. chord =    1.000000
     CLsurf  =  -0.03272     Clsurf  =  -0.00277
     CYsurf  =   0.00000     Cmsurf  =   0.08766
     CDsurf  =  -0.00059     Cnsurf  =   0.00014
     CDisurf =  -0.00059     CDvsurf =   0.00000

  Forces referred to Ssurf, Cave about hinge axis thru LE
     CLsurf  =  -0.28099     CDsurf  =  -0.00508
     Deflect =

 Strip Forces referred to Strip Area, Chord
    j      Yle    Chord     Area     c cl      ai      cl_norm  cl       cd       cdv    cm_c/4    cm_LE  C.P.x/c
    91  -0.0016   1.1973   0.0076  -0.3500  -0.0050  -0.2926  -0.2917   0.0225   0.0000  -0.0023  -0.0704    0.242
    92  -0.0142   1.1948   0.0226  -0.3499  -0.0048  -0.2940  -0.2931  -0.0014   0.0000  -0.0023  -0.0705    0.242
    93  -0.0394   1.1898   0.0373  -0.3498  -0.0044  -0.2952  -0.2943  -0.0033   0.0000  -0.0025  -0.0706    0.241
    94  -0.0768   1.1824   0.0513  -0.3496  -0.0041  -0.2969  -0.2960  -0.0040   0.0000  -0.0028  -0.0708    0.241
    95  -0.1222   1.1734   0.0549  -0.3492  -0.0038  -0.2989  -0.2979  -0.0043   0.0000  -0.0031  -0.0710    0.240
    96  -0.1738   1.1632   0.0653  -0.3486  -0.0035  -0.3010  -0.3000  -0.0046   0.0000  -0.0033  -0.0712    0.239
    97  -0.2344   1.1513   0.0747  -0.3466  -0.0032  -0.3024  -0.3015  -0.0052   0.0000  -0.0034  -0.0714    0.239
    98  -0.3034   1.1376   0.0830  -0.3459  -0.0030  -0.3054  -0.3044  -0.0051   0.0000  -0.0038  -0.0718    0.237
    99  -0.3800   1.1225   0.0900  -0.3438  -0.0028  -0.3077  -0.3067  -0.0054   0.0000  -0.0041  -0.0721    0.237
   100  -0.4634   1.1060   0.0957  -0.3411  -0.0027  -0.3098  -0.3088  -0.0059   0.0000  -0.0043  -0.0724    0.236
   101  -0.5527   1.0884   0.1000  -0.3377  -0.0026  -0.3116  -0.3107  -0.0057   0.0000  -0.0046  -0.0726    0.235
   102  -0.6469   1.0697   0.1030  -0.3333  -0.0026  -0.3130  -0.3120  -0.0061   0.0000  -0.0048  -0.0727    0.235
   103  -0.7450   1.0504   0.1046  -0.3280  -0.0027  -0.3136  -0.3126  -0.0063   0.0000  -0.0051  -0.0726    0.234
   104  -0.8459   1.0304   0.1050  -0.3215  -0.0029  -0.3134  -0.3124  -0.0066   0.0000  -0.0053  -0.0722    0.233
   105  -0.9484   1.0102   0.1040  -0.3137  -0.0033  -0.3119  -0.3109  -0.0066   0.0000  -0.0057  -0.0716    0.232
   106  -1.0516   0.9898   0.1019  -0.3045  -0.0038  -0.3090  -0.3081  -0.0064   0.0000  -0.0060  -0.0705    0.231
   107  -1.1541   0.9696   0.0987  -0.2939  -0.0046  -0.3045  -0.3036  -0.0065   0.0000  -0.0064  -0.0690    0.229
   108  -1.2550   0.9496   0.0946  -0.2818  -0.0055  -0.2981  -0.2972  -0.0061   0.0000  -0.0068  -0.0670    0.227
   109  -1.3531   0.9303   0.0896  -0.2682  -0.0067  -0.2896  -0.2887  -0.0058   0.0000  -0.0073  -0.0644    0.225
   110  -1.4473   0.9116   0.0838  -0.2530  -0.0080  -0.2787  -0.2778  -0.0053   0.0000  -0.0079  -0.0612    0.222
   111  -1.5366   0.8940   0.0773  -0.2362  -0.0095  -0.2653  -0.2645  -0.0052   0.0000  -0.0085  -0.0573    0.218
   112  -1.6200   0.8775   0.0703  -0.2178  -0.0111  -0.2493  -0.2485  -0.0047   0.0000  -0.0090  -0.0527    0.214
   113  -1.6966   0.8624   0.0629  -0.1979  -0.0128  -0.2305  -0.2297  -0.0041   0.0000  -0.0095  -0.0476    0.209
   114  -1.7656   0.8487   0.0551  -0.1765  -0.0144  -0.2089  -0.2083  -0.0034   0.0000  -0.0098  -0.0420    0.203
   115  -1.8262   0.8368   0.0470  -0.1539  -0.0160  -0.1847  -0.1842  -0.0029   0.0000  -0.0098  -0.0360    0.197
   116  -1.8778   0.8266   0.0387  -0.1301  -0.0175  -0.1581  -0.1576  -0.0022   0.0000  -0.0095  -0.0297    0.190
   117  -1.9232   0.8176   0.0355  -0.1043  -0.0189  -0.1281  -0.1277  -0.0017   0.0000  -0.0086  -0.0232    0.183
   118  -1.9606   0.8102   0.0254  -0.0756  -0.0201  -0.0937  -0.0934  -0.0009   0.0000  -0.0069  -0.0163    0.176
   119  -1.9858   0.8052   0.0153  -0.0458  -0.0211  -0.0571  -0.0569  -0.0003   0.0000  -0.0045  -0.0096    0.170
   120  -1.9984   0.8027   0.0051  -0.0153  -0.0216  -0.0192  -0.0191  -0.0002   0.0000  -0.0016  -0.0032    0.167

  Surface # 5     vertical_stabilizer                     
     # Chordwise = 10   # Spanwise = 30     First strip =121
     Surface area =    1.336749       Ave. chord =    0.902233
     CLsurf  =   0.00000     Clsurf  =  -0.00000
     CYsurf  =  -0.00000     Cmsurf  =  -0.00000
     CDsurf  =  -0.00000     Cnsurf  =   0.00000
     CDisurf =  -0.00000     CDvsurf =   0.00000

  Forces referred to Ssurf, Cave about hinge axis thru LE
     CLsurf  =   0.00000     CDsurf  =  -0.00000
     Deflect =

 Strip Forces referred to Strip Area, Chord
    j      Yle    Chord     Area     c cl      ai      cl_norm  cl       cd       cdv    cm_c/4    cm_LE  C.P.x/c
   121   0.0000   1.2152   0.0161   0.0000  -0.0000   0.0000   0.0000   0.0000   0.0000   0.0000  -0.0000    0.210
   122   0.0000   1.2078   0.0261   0.0000  -0.0000   0.0000   0.0000   0.0000   0.0000   0.0000  -0.0000    0.201
   123   0.0000   1.1968   0.0358   0.0000  -0.0000   0.0000   0.0000  -0.0000   0.0000   0.0000  -0.0000    0.236
   124   0.0000   1.1824   0.0448   0.0000  -0.0000   0.0000   0.0000   0.0000   0.0000   0.0000  -0.0000    0.211
   125   0.0000   1.1646   0.0530   0.0000  -0.0000   0.0000   0.0000  -0.0000   0.0000   0.0000  -0.0000    0.195
   126   0.0000   1.1454   0.0506   0.0000  -0.0000   0.0000   0.0000  -0.0000   0.0000   0.0000  -0.0000    0.214
   127   0.0000   1.1254   0.0560   0.0000  -0.0000   0.0000   0.0000  -0.0000   0.0000   0.0000  -0.0000    0.211
   128   0.0000   1.1031   0.0606   0.0000  -0.0000   0.0000   0.0000  -0.0000   0.0000   0.0000  -0.0000    0.221
   129   0.0000   1.0787   0.0642   0.0000  -0.0000   0.0000   0.0000  -0.0000   0.0000   0.0000  -0.0000    0.207
   130   0.0000   1.0525   0.0669   0.0000  -0.0000   0.0000   0.0000  -0.0000   0.0000   0.0000  -0.0000    0.223
   131   0.0000   1.0247   0.0685   0.0000  -0.0000   0.0000   0.0000  -0.0000   0.0000   0.0000  -0.0000    0.223
   132   0.0000   0.9956   0.0692   0.0000  -0.0000   0.0000   0.0000  -0.0000   0.0000   0.0000  -0.0000    0.229
   133   0.0000   0.9655   0.0690   0.0000   0.0000   0.0000   0.0000  -0.0000   0.0000   0.0000  -0.0000    0.240
   134   0.0000   0.9348   0.0680   0.0000  -0.0000   0.0000   0.0000  -0.0000   0.0000   0.0000  -0.0000    0.237
   135   0.0000   0.9037   0.0662   0.0000  -0.0000   0.0000   0.0000  -0.0000   0.0000   0.0000  -0.0000    0.241
   136   0.0000   0.8726   0.0636   0.0000  -0.0000   0.0000   0.0000  -0.0000   0.0000  -0.0000  -0.0000    0.254
   137   0.0000   0.8417   0.0605   0.0000  -0.0000   0.0000   0.0000  -0.0000   0.0000   0.0000  -0.0000    0.246
   138   0.0000   0.8114   0.0569   0.0000  -0.0000   0.0000   0.0000  -0.0000   0.0000   0.0000  -0.0000    0.244
   139   0.0000   0.7821   0.0529   0.0000  -0.0000   0.0000   0.0000  -0.0000   0.0000   0.0000  -0.0000    0.248
   140   0.0000   0.7540   0.0485   0.0000  -0.0000   0.0000   0.0000  -0.0000   0.0000   0.0000  -0.0000    0.240
   141   0.0000   0.7274   0.0440   0.0000  -0.0000   0.0000   0.0000  -0.0000   0.0000   0.0000  -0.0000    0.229
   142   0.0000   0.7025   0.0393   0.0000  -0.0000   0.0000   0.0000  -0.0000   0.0000   0.0000  -0.0000    0.229
   143   0.0000   0.6798   0.0346   0.0000  -0.0000   0.0000   0.0000  -0.0000   0.0000   0.0000  -0.0000    0.228
   144   0.0000   0.6593   0.0298   0.0000  -0.0000   0.0000   0.0000  -0.0000   0.0000   0.0000  -0.0000    0.223
   145   0.0000   0.6402   0.0283   0.0000  -0.0000   0.0000   0.0000  -0.0000   0.0000   0.0000  -0.0000    0.213
   146   0.0000   0.6229   0.0230   0.0000  -0.0000   0.0000   0.0000  -0.0000   0.0000   0.0000  -0.0000    0.212
   147   0.0000   0.6088   0.0177   0.0000  -0.0000   0.0000   0.0000  -0.0000   0.0000   0.0000  -0.0000    0.207
   148   0.0000   0.5981   0.0126   0.0000  -0.0000   0.0000   0.0000  -0.0000   0.0000   0.0000  -0.0000    0.195
   149   0.0000   0.5910   0.0075   0.0000  -0.0000   0.0000   0.0000  -0.0000   0.0000   0.0000  -0.0000    0.189
   150   0.0000   0.5874   0.0025   0.0000  -0.0000   0.0000   0.0000  -0.0000   0.0000   0.0000  -0.0000    0.188
 ---------------------------------------------------------------
