 ---------------------------------------------------------------
 Surface and Strip Forces by surface

  Forces referred to Sref, Cref, Bref about Xref, Yref, Zref
 Standard axis orientation,  X fwd, Z down         

  Surface # 1     main_wing                               
     # Chordwise =  4   # Spanwise = 20     First strip =  1
     Surface area =    8.662523       Ave. chord =    1.689634
     CLsurf  =   0.63774     Clsurf  =  -0.12877
     CYsurf  =  -0.09414     Cmsurf  =   0.04662
     CDsurf  =   0.04290     Cnsurf  =  -0.01400
     CDisurf =   0.04290     CDvsurf =   0.00000

  Forces referred to Ssurf, Cave about hinge axis thru LE
     CLsurf  =   1.27811     CDsurf  =   0.08506
     Deflect =

 Strip Forces referred to Strip Area, Chord
    j      Yle    Chord     Area     c cl      ai      cl_norm  cl       cd       cdv    cm_c/4    cm_LE  C.P.x/c
     1   0.0076   2.1929   0.0672   4.4130   0.1643   2.0077   2.0062   0.2094   0.0000  -0.1406  -0.6438    0.320
     2   0.0681   2.1809   0.1987   2.9683   0.1624   1.3621   1.3611   0.1170   0.0000  -0.1146  -0.4553    0.334
     3   0.1877   2.1571   0.3222   2.8593   0.1608   1.3277   1.3267   0.1074   0.0000  -0.1150  -0.4468    0.337
     4   0.3634   2.1222   0.4328   2.8287   0.1613   1.3350   1.3341   0.1083   0.0000  -0.1197  -0.4533    0.340
     5   0.5909   2.0770   0.5265   2.7937   0.1639   1.3510   1.3500   0.0876   0.0000  -0.1271  -0.4637    0.344
     6   0.8645   2.0227   0.6004   2.7726   0.1685   1.3751   1.3740   0.0995   0.0000  -0.1368  -0.4799    0.350
     7   1.1860   1.9589   0.6858   2.7216   0.1647   1.3948   1.3938   0.0947   0.0000  -0.1447  -0.4925    0.354
     8   1.5487   1.8868   0.7158   2.6335   0.1496   1.4021   1.4011   0.0902   0.0000  -0.1475  -0.4968    0.355
     9   1.9359   1.8100   0.7226   2.5087   0.1299   1.3925   1.3915   0.0886   0.0000  -0.1490  -0.4959    0.357
    10   2.3380   1.7301   0.7082   2.3729   0.1122   1.3787   1.3776   0.0836   0.0000  -0.1500  -0.4933    0.359
    11   2.7172   1.6548   0.5847   2.2360   0.1068   1.3590   1.3580   0.0778   0.0000  -0.1497  -0.4878    0.360
    12   3.0642   1.5859   0.5465   2.0898   0.1060   1.3255   1.3245   0.0752   0.0000  -0.1485  -0.4783    0.362
    13   3.3984   1.5195   0.4975   1.9344   0.1070   1.2804   1.2794   0.0733   0.0000  -0.1466  -0.4652    0.365
    14   3.7543   1.4488   0.5599   1.7573   0.1109   1.2194   1.2185   0.0726   0.0000  -0.1438  -0.4474    0.368
    15   4.1178   1.3766   0.4744   1.5544   0.1193   1.1350   1.1342   0.0686   0.0000  -0.1387  -0.4212    0.372
    16   4.4355   1.3135   0.3866   1.3194   0.1325   1.0082   1.0074   0.0696   0.0000  -0.1291  -0.3805    0.378
    17   4.6908   1.2629   0.2779   1.0747   0.1551   0.8527   0.8521   0.0672   0.0000  -0.1141  -0.3271    0.384
    18   4.8804   1.2252   0.1975   0.8062   0.1843   0.6579   0.6574   0.0603   0.0000  -0.0916  -0.2563    0.389
    19   5.0095   1.1996   0.1180   0.5033   0.2111   0.4186   0.4183   0.0434   0.0000  -0.0605  -0.1655    0.395
    20   5.0748   1.1866   0.0392   0.1713   0.2268   0.1437   0.1436   0.0167   0.0000  -0.0213  -0.0574    0.398

  Surface # 2     main_wing (YDUP)                        
     # Chordwise =  4   # Spanwise = 20     First strip = 21
     Surface area =    8.662523       Ave. chord =    1.689634
     CLsurf  =   0.63774     Clsurf  =   0.12877
     CYsurf  =   0.09414     Cmsurf  =   0.04662
     CDsurf  =   0.04290     Cnsurf  =   0.01400
     CDisurf =   0.04290     CDvsurf =   0.00000

  Forces referred to Ssurf, Cave about hinge axis thru LE
     CLsurf  =   1.27811     CDsurf  =   0.08506
     Deflect =

 Strip Forces referred to Strip Area, Chord
    j      Yle    Chord     Area     c cl      ai      cl_norm  cl       cd       cdv    cm_c/4    cm_LE  C.P.x/c
    21  -0.0076   2.1929   0.0672   4.4130   0.1643   2.0077   2.0062   0.2094   0.0000  -0.1406   0.6438    0.320
    22  -0.0681   2.1809   0.1987   2.9683   0.1624   1.3621   1.3611   0.1170   0.0000  -0.1146   0.4553    0.334
    23  -0.1877   2.1571   0.3222   2.8593   0.1608   1.3277   1.3267   0.1074   0.0000  -0.1150   0.4468    0.337
    24  -0.3634   2.1222   0.4328   2.8287   0.1613   1.3350   1.3341   0.1083   0.0000  -0.1197   0.4533    0.340
    25  -0.5909   2.0770   0.5265   2.7937   0.1639   1.3510   1.3500   0.0876   0.0000  -0.1271   0.4637    0.344
    26  -0.8645   2.0227   0.6004   2.7726   0.1685   1.3751   1.3740   0.0995   0.0000  -0.1368   0.4799    0.350
    27  -1.1860   1.9589   0.6858   2.7216   0.1647   1.3948   1.3938   0.0947   0.0000  -0.1447   0.4925    0.354
    28  -1.5487   1.8868   0.7158   2.6335   0.1496   1.4021   1.4011   0.0902   0.0000  -0.1475   0.4968    0.355
    29  -1.9359   1.8100   0.7226   2.5087   0.1299   1.3925   1.3915   0.0886   0.0000  -0.1490   0.4959    0.357
    30  -2.3380   1.7301   0.7082   2.3729   0.1122   1.3787   1.3776   0.0836   0.0000  -0.1500   0.4933    0.359
    31  -2.7172   1.6548   0.5847   2.2360   0.1068   1.3590   1.3580   0.0778   0.0000  -0.1497   0.4878    0.360
    32  -3.0642   1.5859   0.5465   2.0898   0.1060   1.3255   1.3245   0.0752   0.0000  -0.1485   0.4783    0.362
    33  -3.3984   1.5195   0.4975   1.9344   0.1070   1.2804   1.2794   0.0733   0.0000  -0.1466   0.4652    0.365
    34  -3.7543   1.4488   0.5599   1.7573   0.1109   1.2194   1.2185   0.0726   0.0000  -0.1438   0.4474    0.368
    35  -4.1178   1.3766   0.4744   1.5544   0.1193   1.1350   1.1342   0.0686   0.0000  -0.1387   0.4212    0.372
    36  -4.4355   1.3135   0.3866   1.3194   0.1325   1.0082   1.0074   0.0696   0.0000  -0.1291   0.3805    0.378
    37  -4.6908   1.2629   0.2779   1.0747   0.1551   0.8527   0.8521   0.0672   0.0000  -0.1141   0.3271    0.384
    38  -4.8804   1.2252   0.1975   0.8062   0.1843   0.6579   0.6574   0.0603   0.0000  -0.0916   0.2563    0.389
    39  -5.0095   1.1996   0.1180   0.5033   0.2111   0.4186   0.4183   0.0434   0.0000  -0.0605   0.1655    0.395
    40  -5.0748   1.1866   0.0392   0.1713   0.2268   0.1437   0.1436   0.0167   0.0000  -0.0213   0.0574    0.398

  Surface # 3     horizontal_stabilizer                   
     # Chordwise =  4   # Spanwise = 20     First strip = 41
     Surface area =    2.000000       Ave. chord =    1.000000
     CLsurf  =   0.01893     Clsurf  =  -0.00161
     CYsurf  =  -0.00045     Cmsurf  =  -0.04831
     CDsurf  =   0.00279     Cnsurf  =   0.00017
     CDisurf =   0.00279     CDvsurf =   0.00000

  Forces referred to Ssurf, Cave about hinge axis thru LE
     CLsurf  =   0.16255     CDsurf  =   0.02400
     Deflect =

 Strip Forces referred to Strip Area, Chord
    j      Yle    Chord     Area     c cl      ai      cl_norm  cl       cd       cdv    cm_c/4    cm_LE  C.P.x/c
    41   0.0028   1.1970   0.0135   0.2139   0.1594   0.1752   0.1746   0.0386   0.0000  -0.0005  -0.0449    0.253
    42   0.0254   1.1926   0.0401   0.2138   0.1592   0.1778   0.1773   0.0272   0.0000  -0.0005  -0.0451    0.253
    43   0.0698   1.1838   0.0652   0.2136   0.1589   0.1791   0.1785   0.0265   0.0000  -0.0004  -0.0452    0.252
    44   0.1388   1.1701   0.0969   0.2128   0.1584   0.1806   0.1800   0.0264   0.0000  -0.0002  -0.0454    0.251
    45   0.2319   1.1517   0.1186   0.2111   0.1577   0.1820   0.1814   0.0266   0.0000  -0.0000  -0.0456    0.250
    46   0.3440   1.1296   0.1361   0.2081   0.1567   0.1829   0.1823   0.0266   0.0000   0.0001  -0.0457    0.250
    47   0.4722   1.1043   0.1492   0.2036   0.1557   0.1831   0.1825   0.0267   0.0000   0.0001  -0.0457    0.249
    48   0.6135   1.0764   0.1576   0.1976   0.1545   0.1823   0.1817   0.0265   0.0000   0.0002  -0.0454    0.249
    49   0.7642   1.0466   0.1613   0.1902   0.1535   0.1805   0.1799   0.0263   0.0000   0.0003  -0.0449    0.248
    50   0.9207   1.0157   0.1605   0.1816   0.1528   0.1775   0.1770   0.0260   0.0000   0.0004  -0.0440    0.248
    51   1.0793   0.9843   0.1555   0.1719   0.1523   0.1734   0.1728   0.0254   0.0000   0.0007  -0.0427    0.246
    52   1.2358   0.9534   0.1469   0.1610   0.1522   0.1677   0.1672   0.0246   0.0000   0.0011  -0.0409    0.243
    53   1.3865   0.9236   0.1353   0.1489   0.1524   0.1601   0.1596   0.0235   0.0000   0.0017  -0.0384    0.239
    54   1.5278   0.8957   0.1211   0.1352   0.1530   0.1498   0.1494   0.0221   0.0000   0.0024  -0.0351    0.234
    55   1.6560   0.8704   0.1049   0.1195   0.1539   0.1363   0.1359   0.0201   0.0000   0.0032  -0.0310    0.227
    56   1.7681   0.8483   0.0873   0.1016   0.1549   0.1189   0.1185   0.0175   0.0000   0.0038  -0.0260    0.218
    57   1.8612   0.8299   0.0687   0.0812   0.1561   0.0972   0.0969   0.0144   0.0000   0.0041  -0.0203    0.208
    58   1.9302   0.8162   0.0450   0.0591   0.1572   0.0719   0.0716   0.0107   0.0000   0.0037  -0.0144    0.199
    59   1.9746   0.8074   0.0271   0.0361   0.1580   0.0444   0.0442   0.0066   0.0000   0.0026  -0.0086    0.192
    60   1.9972   0.8030   0.0091   0.0121   0.1584   0.0150   0.0150   0.0021   0.0000   0.0009  -0.0028    0.188

  Surface # 4     horizontal_stabilizer (YDUP)            
     # Chordwise =  4   # Spanwise = 20     First strip = 61
     Surface area =    2.000000       Ave. chord =    1.000000
     CLsurf  =   0.01893     Clsurf  =   0.00161
     CYsurf  =   0.00045     Cmsurf  =  -0.04831
     CDsurf  =   0.00279     Cnsurf  =  -0.00017
     CDisurf =   0.00279     CDvsurf =   0.00000

  Forces referred to Ssurf, Cave about hinge axis thru LE
     CLsurf  =   0.16255     CDsurf  =   0.02400
     Deflect =

 Strip Forces referred to Strip Area, Chord
    j      Yle    Chord     Area     c cl      ai      cl_norm  cl       cd       cdv    cm_c/4    cm_LE  C.P.x/c
    61  -0.0028   1.1970   0.0135   0.2139   0.1594   0.1752   0.1746   0.0386   0.0000  -0.0005   0.0449    0.253
    62  -0.0254   1.1926   0.0401   0.2138   0.1592   0.1778   0.1773   0.0272   0.0000  -0.0005   0.0451    0.253
    63  -0.0698   1.1838   0.0652   0.2136   0.1589   0.1791   0.1785   0.0265   0.0000  -0.0004   0.0452    0.252
    64  -0.1388   1.1701   0.0969   0.2128   0.1584   0.1806   0.1800   0.0264   0.0000  -0.0002   0.0454    0.251
    65  -0.2319   1.1517   0.1186   0.2111   0.1577   0.1820   0.1814   0.0266   0.0000  -0.0000   0.0456    0.250
    66  -0.3440   1.1296   0.1361   0.2081   0.1567   0.1829   0.1823   0.0266   0.0000   0.0001   0.0457    0.250
    67  -0.4722   1.1043   0.1492   0.2036   0.1557   0.1831   0.1825   0.0267   0.0000   0.0001   0.0457    0.249
    68  -0.6135   1.0764   0.1576   0.1976   0.1545   0.1823   0.1817   0.0265   0.0000   0.0002   0.0454    0.249
    69  -0.7642   1.0466   0.1613   0.1902   0.1535   0.1805   0.1799   0.0263   0.0000   0.0003   0.0449    0.248
    70  -0.9207   1.0157   0.1605   0.1816   0.1528   0.1775   0.1770   0.0260   0.0000   0.0004   0.0440    0.248
    71  -1.0793   0.9843   0.1555   0.1719   0.1523   0.1734   0.1728   0.0254   0.0000   0.0007   0.0427    0.246
    72  -1.2358   0.9534   0.1469   0.1610   0.1522   0.1677   0.1672   0.0246   0.0000   0.0011   0.0409    0.243
    73  -1.3865   0.9236   0.1353   0.1489   0.1524   0.1601   0.1596   0.0235   0.0000   0.0017   0.0384    0.239
    74  -1.5278   0.8957   0.1211   0.1352   0.1530   0.1498   0.1494   0.0221   0.0000   0.0024   0.0351    0.234
    75  -1.6560   0.8704   0.1049   0.1195   0.1539   0.1363   0.1359   0.0201   0.0000   0.0032   0.0310    0.227
    76  -1.7681   0.8483   0.0873   0.1016   0.1549   0.1189   0.1185   0.0175   0.0000   0.0038   0.0260    0.218
    77  -1.8612   0.8299   0.0687   0.0812   0.1561   0.0972   0.0969   0.0144   0.0000   0.0041   0.0203    0.208
    78  -1.9302   0.8162   0.0450   0.0591   0.1572   0.0719   0.0716   0.0107   0.0000   0.0037   0.0144    0.199
    79  -1.9746   0.8074   0.0271   0.0361   0.1580   0.0444   0.0442   0.0066   0.0000   0.0026   0.0086    0.192
    80  -1.9972   0.8030   0.0091   0.0121   0.1584   0.0150   0.0150   0.0021   0.0000   0.0009   0.0028    0.188

  Surface # 5     vertical_stabilizer                     
     # Chordwise =  4   # Spanwise = 20     First strip = 81
     Surface area =    1.336680       Ave. chord =    0.902187
     CLsurf  =  -0.00000     Clsurf  =  -0.00000
     CYsurf  =  -0.00000     Cmsurf  =   0.00000
     CDsurf  =   0.00000     Cnsurf  =   0.00000
     CDisurf =   0.00000     CDvsurf =   0.00000

  Forces referred to Ssurf, Cave about hinge axis thru LE
     CLsurf  =   0.00000     CDsurf  =   0.00000
     Deflect =

 Strip Forces referred to Strip Area, Chord
    j      Yle    Chord     Area     c cl      ai      cl_norm  cl       cd       cdv    cm_c/4    cm_LE  C.P.x/c
    81   0.0000   1.2147   0.0206   0.0000   0.0000   0.0000   0.0000  -0.0000   0.0000   0.0000  -0.0000    0.192
    82   0.0000   1.2045   0.0371   0.0000  -0.0000   0.0000   0.0000   0.0000   0.0000  -0.0000  -0.0000    0.259
    83   0.0000   1.1886   0.0523   0.0000  -0.0000   0.0000   0.0000   0.0000   0.0000   0.0000  -0.0000    0.163
    84   0.0000   1.1671   0.0658   0.0000  -0.0000   0.0000   0.0000  -0.0000   0.0000   0.0000  -0.0000    0.170
    85   0.0000   1.1382   0.0906   0.0000  -0.0000   0.0000   0.0000   0.0000   0.0000   0.0000  -0.0000    0.233
    86   0.0000   1.1018   0.1003   0.0000  -0.0000   0.0000   0.0000  -0.0000   0.0000   0.0000  -0.0000    0.165
    87   0.0000   1.0610   0.1064   0.0000   0.0000   0.0000   0.0000  -0.0000   0.0000   0.0000  -0.0000    0.219
    88   0.0000   1.0166   0.1091   0.0000  -0.0000   0.0000   0.0000   0.0000   0.0000   0.0000  -0.0000    0.234
    89   0.0000   0.9698   0.1086   0.0000  -0.0000   0.0000   0.0000   0.0000   0.0000   0.0000  -0.0000    0.072
    90   0.0000   0.9216   0.1050   0.0000   0.0000   0.0000   0.0000  -0.0000   0.0000   0.0000  -0.0000    0.185
    91   0.0000   0.8731   0.0989   0.0000   0.0000   0.0000   0.0000  -0.0000   0.0000   0.0000  -0.0000    0.177
    92   0.0000   0.8255   0.0908   0.0000   0.0000   0.0000   0.0000  -0.0000   0.0000   0.0000  -0.0000    0.229
    93   0.0000   0.7798   0.0812   0.0000  -0.0000   0.0000   0.0000  -0.0000   0.0000   0.0000  -0.0000    0.245
    94   0.0000   0.7371   0.0706   0.0000   0.0000   0.0000   0.0000  -0.0000   0.0000   0.0000  -0.0000    0.036
    95   0.0000   0.6985   0.0595   0.0000  -0.0000   0.0000   0.0000  -0.0000   0.0000   0.0000  -0.0000    0.227
    96   0.0000   0.6647   0.0483   0.0000  -0.0000   0.0000   0.0000  -0.0000   0.0000  -0.0000  -0.0000    0.395
    97   0.0000   0.6356   0.0405   0.0000  -0.0000   0.0000   0.0000  -0.0000   0.0000  -0.0000  -0.0000    0.286
    98   0.0000   0.6120   0.0285   0.0000   0.0000   0.0000   0.0000   0.0000   0.0000   0.0000  -0.0000    0.250
    99   0.0000   0.5960   0.0169   0.0000  -0.0000   0.0000   0.0000   0.0000   0.0000   0.0000  -0.0000    0.112
   100   0.0000   0.5879   0.0056   0.0000  -0.0000   0.0000   0.0000  -0.0000   0.0000   0.0000  -0.0000    0.070
 ---------------------------------------------------------------
