 ---------------------------------------------------------------
 Surface and Strip Forces by surface

  Forces referred to Sref, Cref, Bref about Xref, Yref, Zref
 Standard axis orientation,  X fwd, Z down         

  Surface # 1     main_wing                               
     # Chordwise = 10   # Spanwise = 30     First strip =  1
     Surface area =    8.662745       Ave. chord =    1.689678
     CLsurf  =   0.43749     Clsurf  =  -0.08918
     CYsurf  =  -0.05974     Cmsurf  =  -0.07468
     CDsurf  =   0.02046     Cnsurf  =  -0.00171
     CDisurf =   0.02046     CDvsurf =   0.00000

  Forces referred to Ssurf, Cave about hinge axis thru LE
     CLsurf  =   0.87554     CDsurf  =   0.04057
     Deflect =

 Strip Forces referred to Strip Area, Chord
    j      Yle    Chord     Area     c cl      ai      cl_norm  cl       cd       cdv    cm_c/4    cm_LE  C.P.x/c
     1   0.0034   2.1937   0.0299   2.6817   0.1015   1.2239   1.2236   0.0397   0.0000  -0.1498  -0.4551    0.372
     2   0.0304   2.1884   0.0891   2.0302   0.0991   0.9267   0.9265   0.0537   0.0000  -0.1183  -0.3501    0.378
     3   0.0840   2.1777   0.1468   1.9828   0.0974   0.9097   0.9095   0.0514   0.0000  -0.1168  -0.3443    0.378
     4   0.1638   2.1619   0.2017   1.9725   0.0969   0.9115   0.9113   0.0520   0.0000  -0.1184  -0.3463    0.380
     5   0.2688   2.1410   0.2531   1.9620   0.0974   0.9159   0.9157   0.0474   0.0000  -0.1209  -0.3498    0.382
     6   0.3979   2.1154   0.3000   1.9667   0.0990   0.9287   0.9285   0.0540   0.0000  -0.1253  -0.3576    0.385
     7   0.5496   2.0852   0.3417   1.9671   0.1015   0.9425   0.9423   0.0532   0.0000  -0.1307  -0.3664    0.389
     8   0.7223   2.0509   0.3776   1.9450   0.1050   0.9477   0.9475   0.0506   0.0000  -0.1365  -0.3734    0.394
     9   0.9142   2.0128   0.4073   1.9323   0.1098   0.9594   0.9592   0.0503   0.0000  -0.1429  -0.3827    0.399
    10   1.1285   1.9703   0.4526   1.9028   0.1090   0.9655   0.9653   0.0472   0.0000  -0.1478  -0.3891    0.403
    11   1.3637   1.9236   0.4694   1.8689   0.1021   0.9713   0.9711   0.0477   0.0000  -0.1515  -0.3942    0.406
    12   1.6118   1.8743   0.4793   1.8194   0.0961   0.9706   0.9704   0.0450   0.0000  -0.1532  -0.3957    0.408
    13   1.8700   1.8230   0.4823   1.7565   0.0910   0.9635   0.9633   0.0440   0.0000  -0.1541  -0.3948    0.410
    14   2.1357   1.7703   0.4789   1.6895   0.0865   0.9545   0.9543   0.0421   0.0000  -0.1547  -0.3931    0.412
    15   2.4057   1.7167   0.4695   1.6207   0.0819   0.9445   0.9443   0.0391   0.0000  -0.1552  -0.3911    0.414
    16   2.6723   1.6637   0.4384   1.5479   0.0781   0.9310   0.9307   0.0363   0.0000  -0.1554  -0.3878    0.417
    17   2.9325   1.6120   0.4201   1.4684   0.0755   0.9114   0.9112   0.0362   0.0000  -0.1550  -0.3825    0.420
    18   3.1884   1.5612   0.3979   1.3925   0.0736   0.8926   0.8924   0.0335   0.0000  -0.1548  -0.3775    0.423
    19   3.4372   1.5118   0.3724   1.3108   0.0725   0.8678   0.8676   0.0314   0.0000  -0.1539  -0.3705    0.427
    20   3.6775   1.4641   0.3480   1.2256   0.0728   0.8377   0.8375   0.0317   0.0000  -0.1527  -0.3617    0.432
    21   3.9066   1.4186   0.3174   1.1374   0.0747   0.8022   0.8021   0.0318   0.0000  -0.1506  -0.3509    0.438
    22   4.1206   1.3761   0.2853   1.0466   0.0780   0.7609   0.7607   0.0314   0.0000  -0.1478  -0.3378    0.444
    23   4.3172   1.3370   0.2522   0.9553   0.0827   0.7148   0.7146   0.0296   0.0000  -0.1439  -0.3224    0.451
    24   4.4942   1.3019   0.2186   0.8568   0.0891   0.6582   0.6581   0.0291   0.0000  -0.1381  -0.3024    0.460
    25   4.6536   1.2702   0.1944   0.7548   0.1008   0.5941   0.5940   0.0289   0.0000  -0.1296  -0.2779    0.468
    26   4.7929   1.2426   0.1585   0.6411   0.1173   0.5154   0.5153   0.0294   0.0000  -0.1168  -0.2456    0.477
    27   4.9062   1.2201   0.1229   0.5177   0.1345   0.4236   0.4235   0.0268   0.0000  -0.0997  -0.2057    0.485
    28   4.9923   1.2030   0.0875   0.3818   0.1515   0.3167   0.3166   0.0220   0.0000  -0.0774  -0.1566    0.494
    29   5.0502   1.1915   0.0524   0.2350   0.1672   0.1968   0.1967   0.0147   0.0000  -0.0496  -0.0988    0.502
    30   5.0794   1.1857   0.0174   0.0797   0.1778   0.0670   0.0670   0.0053   0.0000  -0.0172  -0.0340    0.507

  Surface # 2     main_wing (YDUP)                        
     # Chordwise = 10   # Spanwise = 30     First strip = 31
     Surface area =    8.662745       Ave. chord =    1.689678
     CLsurf  =   0.43749     Clsurf  =   0.08918
     CYsurf  =   0.05974     Cmsurf  =  -0.07468
     CDsurf  =   0.02046     Cnsurf  =   0.00171
     CDisurf =   0.02046     CDvsurf =   0.00000

  Forces referred to Ssurf, Cave about hinge axis thru LE
     CLsurf  =   0.87554     CDsurf  =   0.04057
     Deflect =

 Strip Forces referred to Strip Area, Chord
    j      Yle    Chord     Area     c cl      ai      cl_norm  cl       cd       cdv    cm_c/4    cm_LE  C.P.x/c
    31  -0.0034   2.1937   0.0299   2.6817   0.1015   1.2239   1.2236   0.0397   0.0000  -0.1498   0.4551    0.372
    32  -0.0304   2.1884   0.0891   2.0302   0.0991   0.9267   0.9265   0.0537   0.0000  -0.1183   0.3501    0.378
    33  -0.0840   2.1777   0.1468   1.9828   0.0974   0.9097   0.9095   0.0514   0.0000  -0.1168   0.3443    0.378
    34  -0.1638   2.1619   0.2017   1.9725   0.0969   0.9115   0.9113   0.0520   0.0000  -0.1184   0.3463    0.380
    35  -0.2688   2.1410   0.2531   1.9620   0.0974   0.9159   0.9157   0.0474   0.0000  -0.1209   0.3498    0.382
    36  -0.3979   2.1154   0.3000   1.9667   0.0990   0.9287   0.9285   0.0540   0.0000  -0.1253   0.3576    0.385
    37  -0.5496   2.0852   0.3417   1.9671   0.1015   0.9425   0.9423   0.0532   0.0000  -0.1307   0.3664    0.389
    38  -0.7223   2.0509   0.3776   1.9450   0.1050   0.9477   0.9475   0.0506   0.0000  -0.1365   0.3734    0.394
    39  -0.9142   2.0128   0.4073   1.9323   0.1098   0.9594   0.9592   0.0503   0.0000  -0.1429   0.3827    0.399
    40  -1.1285   1.9703   0.4526   1.9028   0.1090   0.9655   0.9653   0.0472   0.0000  -0.1478   0.3891    0.403
    41  -1.3637   1.9236   0.4694   1.8689   0.1022   0.9713   0.9711   0.0477   0.0000  -0.1515   0.3942    0.406
    42  -1.6118   1.8743   0.4793   1.8194   0.0961   0.9706   0.9704   0.0450   0.0000  -0.1532   0.3957    0.408
    43  -1.8700   1.8230   0.4823   1.7565   0.0910   0.9635   0.9633   0.0440   0.0000  -0.1541   0.3948    0.410
    44  -2.1357   1.7703   0.4789   1.6895   0.0865   0.9545   0.9543   0.0421   0.0000  -0.1547   0.3931    0.412
    45  -2.4057   1.7167   0.4695   1.6207   0.0819   0.9445   0.9443   0.0391   0.0000  -0.1552   0.3911    0.414
    46  -2.6723   1.6637   0.4384   1.5479   0.0781   0.9310   0.9307   0.0363   0.0000  -0.1554   0.3878    0.417
    47  -2.9325   1.6120   0.4201   1.4684   0.0755   0.9114   0.9112   0.0362   0.0000  -0.1550   0.3825    0.420
    48  -3.1884   1.5612   0.3979   1.3925   0.0736   0.8926   0.8924   0.0335   0.0000  -0.1548   0.3775    0.423
    49  -3.4372   1.5118   0.3724   1.3108   0.0725   0.8678   0.8676   0.0314   0.0000  -0.1539   0.3705    0.427
    50  -3.6775   1.4641   0.3480   1.2256   0.0728   0.8377   0.8375   0.0317   0.0000  -0.1527   0.3617    0.432
    51  -3.9066   1.4186   0.3174   1.1374   0.0747   0.8022   0.8021   0.0318   0.0000  -0.1506   0.3509    0.438
    52  -4.1206   1.3761   0.2853   1.0466   0.0780   0.7609   0.7607   0.0314   0.0000  -0.1478   0.3378    0.444
    53  -4.3172   1.3370   0.2522   0.9553   0.0827   0.7148   0.7146   0.0296   0.0000  -0.1439   0.3224    0.451
    54  -4.4942   1.3019   0.2186   0.8568   0.0891   0.6582   0.6581   0.0291   0.0000  -0.1381   0.3024    0.460
    55  -4.6536   1.2702   0.1944   0.7548   0.1008   0.5941   0.5940   0.0289   0.0000  -0.1296   0.2779    0.468
    56  -4.7929   1.2426   0.1585   0.6411   0.1173   0.5154   0.5153   0.0294   0.0000  -0.1168   0.2456    0.477
    57  -4.9062   1.2201   0.1229   0.5177   0.1345   0.4236   0.4235   0.0268   0.0000  -0.0997   0.2057    0.485
    58  -4.9923   1.2030   0.0875   0.3818   0.1515   0.3167   0.3166   0.0220   0.0000  -0.0774   0.1566    0.494
    59  -5.0502   1.1915   0.0524   0.2350   0.1672   0.1968   0.1967   0.0147   0.0000  -0.0496   0.0988    0.502
    60  -5.0794   1.1857   0.0174   0.0797   0.1778   0.0670   0.0670   0.0053   0.0000  -0.0172   0.0340    0.507

  Surface # 3     horizontal_stabilizer                   
     # Chordwise = 10   # Spanwise = 30     First strip = 61
     Surface area =    2.000000       Ave. chord =    1.000000
     CLsurf  =  -0.00178     Clsurf  =   0.00017
     CYsurf  =   0.00003     Cmsurf  =   0.00472
     CDsurf  =  -0.00017     Cnsurf  =  -0.00001
     CDisurf =  -0.00017     CDvsurf =   0.00000

  Forces referred to Ssurf, Cave about hinge axis thru LE
     CLsurf  =  -0.01528     CDsurf  =  -0.00142
     Deflect =

 Strip Forces referred to Strip Area, Chord
    j      Yle    Chord     Area     c cl      ai      cl_norm  cl       cd       cdv    cm_c/4    cm_LE  C.P.x/c
    61   0.0016   1.1973   0.0076  -0.0139   0.0906  -0.0116  -0.0115  -0.0010   0.0000  -0.0014   0.0015    0.130
    62   0.0142   1.1948   0.0226  -0.0139   0.0906  -0.0116  -0.0116  -0.0011   0.0000  -0.0014   0.0015    0.130
    63   0.0394   1.1898   0.0373  -0.0139   0.0906  -0.0117  -0.0116  -0.0011   0.0000  -0.0014   0.0015    0.129
    64   0.0768   1.1824   0.0513  -0.0139   0.0905  -0.0118  -0.0117  -0.0011   0.0000  -0.0014   0.0015    0.129
    65   0.1222   1.1734   0.0549  -0.0141   0.0905  -0.0120  -0.0119  -0.0011   0.0000  -0.0014   0.0015    0.129
    66   0.1738   1.1632   0.0653  -0.0143   0.0904  -0.0122  -0.0122  -0.0011   0.0000  -0.0015   0.0016    0.129
    67   0.2344   1.1513   0.0747  -0.0146   0.0902  -0.0126  -0.0126  -0.0012   0.0000  -0.0015   0.0016    0.130
    68   0.3034   1.1376   0.0830  -0.0150   0.0899  -0.0132  -0.0131  -0.0012   0.0000  -0.0016   0.0017    0.131
    69   0.3800   1.1225   0.0900  -0.0155   0.0896  -0.0138  -0.0138  -0.0013   0.0000  -0.0016   0.0018    0.133
    70   0.4634   1.1060   0.0957  -0.0162   0.0893  -0.0146  -0.0146  -0.0014   0.0000  -0.0017   0.0020    0.135
    71   0.5527   1.0884   0.1000  -0.0169   0.0889  -0.0156  -0.0155  -0.0014   0.0000  -0.0017   0.0021    0.138
    72   0.6469   1.0697   0.1030  -0.0177   0.0885  -0.0165  -0.0165  -0.0015   0.0000  -0.0018   0.0023    0.140
    73   0.7450   1.0504   0.1046  -0.0184   0.0881  -0.0175  -0.0174  -0.0016   0.0000  -0.0019   0.0025    0.142
    74   0.8459   1.0304   0.1050  -0.0189   0.0877  -0.0183  -0.0183  -0.0017   0.0000  -0.0019   0.0026    0.144
    75   0.9484   1.0102   0.1040  -0.0192   0.0873  -0.0190  -0.0189  -0.0018   0.0000  -0.0020   0.0028    0.145
    76   1.0516   0.9898   0.1019  -0.0192   0.0869  -0.0194  -0.0194  -0.0018   0.0000  -0.0020   0.0028    0.146
    77   1.1541   0.9696   0.0987  -0.0190   0.0865  -0.0195  -0.0195  -0.0018   0.0000  -0.0020   0.0029    0.147
    78   1.2550   0.9496   0.0946  -0.0184   0.0861  -0.0194  -0.0193  -0.0018   0.0000  -0.0020   0.0028    0.147
    79   1.3531   0.9303   0.0896  -0.0175   0.0858  -0.0188  -0.0188  -0.0018   0.0000  -0.0020   0.0027    0.145
    80   1.4473   0.9116   0.0838  -0.0164   0.0854  -0.0180  -0.0179  -0.0017   0.0000  -0.0019   0.0026    0.143
    81   1.5366   0.8940   0.0773  -0.0151   0.0850  -0.0169  -0.0168  -0.0016   0.0000  -0.0019   0.0024    0.140
    82   1.6200   0.8775   0.0703  -0.0136   0.0847  -0.0155  -0.0155  -0.0014   0.0000  -0.0018   0.0021    0.135
    83   1.6966   0.8624   0.0629  -0.0121   0.0844  -0.0140  -0.0139  -0.0013   0.0000  -0.0017   0.0018    0.128
    84   1.7656   0.8487   0.0551  -0.0105   0.0841  -0.0123  -0.0123  -0.0011   0.0000  -0.0016   0.0015    0.121
    85   1.8262   0.8368   0.0470  -0.0088   0.0839  -0.0106  -0.0105  -0.0010   0.0000  -0.0015   0.0012    0.111
    86   1.8778   0.8266   0.0387  -0.0073   0.0838  -0.0088  -0.0087  -0.0008   0.0000  -0.0013   0.0009    0.101
    87   1.9232   0.8176   0.0355  -0.0057   0.0836  -0.0069  -0.0069  -0.0006   0.0000  -0.0011   0.0006    0.089
    88   1.9606   0.8102   0.0254  -0.0040   0.0835  -0.0049  -0.0049  -0.0004   0.0000  -0.0009   0.0004    0.077
    89   1.9858   0.8052   0.0153  -0.0024   0.0835  -0.0029  -0.0029  -0.0003   0.0000  -0.0005   0.0002    0.067
    90   1.9984   0.8027   0.0051  -0.0008   0.0834  -0.0010  -0.0010  -0.0001   0.0000  -0.0002   0.0001    0.061

  Surface # 4     horizontal_stabilizer (YDUP)            
     # Chordwise = 10   # Spanwise = 30     First strip = 91
     Surface area =    2.000000       Ave. chord =    1.000000
     CLsurf  =  -0.00178     Clsurf  =  -0.00017
     CYsurf  =  -0.00003     Cmsurf  =   0.00472
     CDsurf  =  -0.00017     Cnsurf  =   0.00001
     CDisurf =  -0.00017     CDvsurf =   0.00000

  Forces referred to Ssurf, Cave about hinge axis thru LE
     CLsurf  =  -0.01528     CDsurf  =  -0.00142
     Deflect =

 Strip Forces referred to Strip Area, Chord
    j      Yle    Chord     Area     c cl      ai      cl_norm  cl       cd       cdv    cm_c/4    cm_LE  C.P.x/c
    91  -0.0016   1.1973   0.0076  -0.0139   0.0906  -0.0116  -0.0115  -0.0010   0.0000  -0.0014  -0.0015    0.130
    92  -0.0142   1.1948   0.0226  -0.0139   0.0906  -0.0116  -0.0116  -0.0011   0.0000  -0.0014  -0.0015    0.130
    93  -0.0394   1.1898   0.0373  -0.0139   0.0906  -0.0117  -0.0116  -0.0011   0.0000  -0.0014  -0.0015    0.129
    94  -0.0768   1.1824   0.0513  -0.0139   0.0905  -0.0118  -0.0117  -0.0011   0.0000  -0.0014  -0.0015    0.129
    95  -0.1222   1.1734   0.0549  -0.0141   0.0905  -0.0120  -0.0119  -0.0011   0.0000  -0.0014  -0.0015    0.129
    96  -0.1738   1.1632   0.0653  -0.0143   0.0904  -0.0122  -0.0122  -0.0011   0.0000  -0.0015  -0.0016    0.129
    97  -0.2344   1.1513   0.0747  -0.0146   0.0902  -0.0126  -0.0126  -0.0012   0.0000  -0.0015  -0.0016    0.130
    98  -0.3034   1.1376   0.0830  -0.0150   0.0899  -0.0132  -0.0131  -0.0012   0.0000  -0.0016  -0.0017    0.131
    99  -0.3800   1.1225   0.0900  -0.0155   0.0896  -0.0138  -0.0138  -0.0013   0.0000  -0.0016  -0.0018    0.133
   100  -0.4634   1.1060   0.0957  -0.0162   0.0893  -0.0146  -0.0146  -0.0014   0.0000  -0.0017  -0.0020    0.135
   101  -0.5527   1.0884   0.1000  -0.0169   0.0889  -0.0156  -0.0155  -0.0014   0.0000  -0.0017  -0.0021    0.138
   102  -0.6469   1.0697   0.1030  -0.0177   0.0885  -0.0165  -0.0165  -0.0015   0.0000  -0.0018  -0.0023    0.140
   103  -0.7450   1.0504   0.1046  -0.0184   0.0881  -0.0175  -0.0174  -0.0016   0.0000  -0.0019  -0.0025    0.142
   104  -0.8459   1.0304   0.1050  -0.0189   0.0877  -0.0183  -0.0183  -0.0017   0.0000  -0.0019  -0.0026    0.144
   105  -0.9484   1.0102   0.1040  -0.0192   0.0873  -0.0190  -0.0189  -0.0018   0.0000  -0.0020  -0.0028    0.145
   106  -1.0516   0.9898   0.1019  -0.0192   0.0869  -0.0194  -0.0194  -0.0018   0.0000  -0.0020  -0.0028    0.146
   107  -1.1541   0.9696   0.0987  -0.0190   0.0865  -0.0195  -0.0195  -0.0018   0.0000  -0.0020  -0.0029    0.147
   108  -1.2550   0.9496   0.0946  -0.0184   0.0861  -0.0194  -0.0193  -0.0018   0.0000  -0.0020  -0.0028    0.147
   109  -1.3531   0.9303   0.0896  -0.0175   0.0858  -0.0188  -0.0188  -0.0018   0.0000  -0.0020  -0.0027    0.145
   110  -1.4473   0.9116   0.0838  -0.0164   0.0854  -0.0180  -0.0179  -0.0017   0.0000  -0.0019  -0.0026    0.143
   111  -1.5366   0.8940   0.0773  -0.0151   0.0850  -0.0169  -0.0168  -0.0016   0.0000  -0.0019  -0.0024    0.140
   112  -1.6200   0.8775   0.0703  -0.0136   0.0847  -0.0155  -0.0155  -0.0014   0.0000  -0.0018  -0.0021    0.135
   113  -1.6966   0.8624   0.0629  -0.0121   0.0844  -0.0140  -0.0139  -0.0013   0.0000  -0.0017  -0.0018    0.128
   114  -1.7656   0.8487   0.0551  -0.0105   0.0841  -0.0123  -0.0123  -0.0011   0.0000  -0.0016  -0.0015    0.121
   115  -1.8262   0.8368   0.0470  -0.0088   0.0839  -0.0106  -0.0105  -0.0010   0.0000  -0.0015  -0.0012    0.111
   116  -1.8778   0.8266   0.0387  -0.0073   0.0838  -0.0088  -0.0087  -0.0008   0.0000  -0.0013  -0.0009    0.101
   117  -1.9232   0.8176   0.0355  -0.0057   0.0836  -0.0069  -0.0069  -0.0006   0.0000  -0.0011  -0.0006    0.089
   118  -1.9606   0.8102   0.0254  -0.0040   0.0835  -0.0049  -0.0049  -0.0004   0.0000  -0.0009  -0.0004    0.077
   119  -1.9858   0.8052   0.0153  -0.0024   0.0835  -0.0029  -0.0029  -0.0003   0.0000  -0.0005  -0.0002    0.067
   120  -1.9984   0.8027   0.0051  -0.0008   0.0834  -0.0010  -0.0010  -0.0001   0.0000  -0.0002  -0.0001    0.061

  Surface # 5     vertical_stabilizer                     
     # Chordwise = 10   # Spanwise = 30     First strip =121
     Surface area =    1.336749       Ave. chord =    0.902233
     CLsurf  =   0.00000     Clsurf  =   0.00000
     CYsurf  =   0.00000     Cmsurf  =  -0.00000
     CDsurf  =  -0.00000     Cnsurf  =  -0.00000
     CDisurf =  -0.00000     CDvsurf =   0.00000

  Forces referred to Ssurf, Cave about hinge axis thru LE
     CLsurf  =  -0.00000     CDsurf  =  -0.00000
     Deflect =

 Strip Forces referred to Strip Area, Chord
    j      Yle    Chord     Area     c cl      ai      cl_norm  cl       cd       cdv    cm_c/4    cm_LE  C.P.x/c
   121   0.0000   1.2152   0.0161  -0.0000  -0.0000  -0.0000  -0.0000   0.0000   0.0000  -0.0000   0.0000    0.177
   122   0.0000   1.2078   0.0261  -0.0000   0.0000  -0.0000  -0.0000   0.0000   0.0000  -0.0000   0.0000    0.194
   123   0.0000   1.1968   0.0358  -0.0000  -0.0000  -0.0000  -0.0000  -0.0000   0.0000  -0.0000   0.0000    0.202
   124   0.0000   1.1824   0.0448  -0.0000  -0.0000  -0.0000  -0.0000  -0.0000   0.0000  -0.0000   0.0000    0.200
   125   0.0000   1.1646   0.0530  -0.0000   0.0000  -0.0000  -0.0000   0.0000   0.0000  -0.0000   0.0000    0.202
   126   0.0000   1.1454   0.0506  -0.0000   0.0000  -0.0000  -0.0000  -0.0000   0.0000  -0.0000   0.0000    0.199
   127   0.0000   1.1254   0.0560  -0.0000  -0.0000  -0.0000  -0.0000  -0.0000   0.0000  -0.0000   0.0000    0.206
   128   0.0000   1.1031   0.0606  -0.0000  -0.0000  -0.0000  -0.0000   0.0000   0.0000  -0.0000   0.0000    0.203
   129   0.0000   1.0787   0.0642  -0.0000  -0.0000  -0.0000  -0.0000  -0.0000   0.0000  -0.0000   0.0000    0.217
   130   0.0000   1.0525   0.0669  -0.0000   0.0000  -0.0000  -0.0000   0.0000   0.0000  -0.0000   0.0000    0.212
   131   0.0000   1.0247   0.0685  -0.0000   0.0000  -0.0000  -0.0000  -0.0000   0.0000  -0.0000   0.0000    0.224
   132   0.0000   0.9956   0.0692  -0.0000  -0.0000  -0.0000  -0.0000  -0.0000   0.0000  -0.0000   0.0000    0.230
   133   0.0000   0.9655   0.0690  -0.0000  -0.0000  -0.0000  -0.0000  -0.0000   0.0000  -0.0000   0.0000    0.226
   134   0.0000   0.9348   0.0680  -0.0000  -0.0000  -0.0000  -0.0000  -0.0000   0.0000  -0.0000   0.0000    0.227
   135   0.0000   0.9037   0.0662  -0.0000   0.0000  -0.0000  -0.0000   0.0000   0.0000  -0.0000   0.0000    0.221
   136   0.0000   0.8726   0.0636  -0.0000  -0.0000  -0.0000  -0.0000  -0.0000   0.0000  -0.0000   0.0000    0.220
   137   0.0000   0.8417   0.0605  -0.0000   0.0000  -0.0000  -0.0000  -0.0000   0.0000  -0.0000   0.0000    0.218
   138   0.0000   0.8114   0.0569  -0.0000  -0.0000  -0.0000  -0.0000  -0.0000   0.0000  -0.0000   0.0000    0.212
   139   0.0000   0.7821   0.0529  -0.0000  -0.0000  -0.0000  -0.0000  -0.0000   0.0000  -0.0000   0.0000    0.213
   140   0.0000   0.7540   0.0485  -0.0000   0.0000  -0.0000  -0.0000  -0.0000   0.0000  -0.0000   0.0000    0.210
   141   0.0000   0.7274   0.0440  -0.0000   0.0000  -0.0000  -0.0000  -0.0000   0.0000  -0.0000   0.0000    0.210
   142   0.0000   0.7025   0.0393  -0.0000  -0.0000  -0.0000  -0.0000  -0.0000   0.0000  -0.0000   0.0000    0.206
   143   0.0000   0.6798   0.0346  -0.0000  -0.0000  -0.0000  -0.0000  -0.0000   0.0000  -0.0000   0.0000    0.196
   144   0.0000   0.6593   0.0298  -0.0000   0.0000  -0.0000  -0.0000  -0.0000   0.0000  -0.0000   0.0000    0.193
   145   0.0000   0.6402   0.0283  -0.0000   0.0000  -0.0000  -0.0000  -0.0000   0.0000  -0.0000   0.0000    0.180
   146   0.0000   0.6229   0.0230  -0.0000   0.0000  -0.0000  -0.0000  -0.0000   0.0000  -0.0000   0.0000    0.171
   147   0.0000   0.6088   0.0177  -0.0000   0.0000  -0.0000  -0.0000  -0.0000   0.0000  -0.0000   0.0000    0.159
   148   0.0000   0.5981   0.0126  -0.0000   0.0000  -0.0000  -0.0000  -0.0000   0.0000  -0.0000   0.0000    0.153
   149   0.0000   0.5910   0.0075  -0.0000  -0.0000  -0.0000  -0.0000  -0.0000   0.0000  -0.0000   0.0000    0.151
   150   0.0000   0.5874   0.0025  -0.0000   0.0000  -0.0000  -0.0000  -0.0000   0.0000  -0.0000   0.0000    0.146
 ---------------------------------------------------------------
