 ---------------------------------------------------------------
 Surface and Strip Forces by surface

  Forces referred to Sref, Cref, Bref about Xref, Yref, Zref
 Standard axis orientation,  X fwd, Z down         

  Surface # 1     main_wing                               
     # Chordwise = 10   # Spanwise = 30     First strip =  1
     Surface area =    8.662745       Ave. chord =    1.689678
     CLsurf  =   0.75897     Clsurf  =  -0.15319
     CYsurf  =  -0.10696     Cmsurf  =  -0.12700
     CDsurf  =   0.06084     Cnsurf  =  -0.00303
     CDisurf =   0.06084     CDvsurf =   0.00000

  Forces referred to Ssurf, Cave about hinge axis thru LE
     CLsurf  =   1.51976     CDsurf  =   0.12063
     Deflect =

 Strip Forces referred to Strip Area, Chord
    j      Yle    Chord     Area     c cl      ai      cl_norm  cl       cd       cdv    cm_c/4    cm_LE  C.P.x/c
     1   0.0034   2.1937   0.0299   7.4912   0.1657   3.4260   3.4248   0.1248   0.0000  -0.4091  -1.2619    0.369
     2   0.0304   2.1884   0.0891   3.8044   0.1638   1.7328   1.7321   0.1571   0.0000  -0.2240  -0.6585    0.379
     3   0.0840   2.1777   0.1468   3.5182   0.1615   1.6098   1.6092   0.1497   0.0000  -0.2107  -0.6145    0.381
     4   0.1638   2.1619   0.2017   3.4497   0.1604   1.5899   1.5893   0.1494   0.0000  -0.2096  -0.6084    0.382
     5   0.2688   2.1410   0.2531   3.4038   0.1605   1.5849   1.5843   0.1415   0.0000  -0.2118  -0.6092    0.384
     6   0.3979   2.1154   0.3000   3.4321   0.1616   1.6157   1.6151   0.1582   0.0000  -0.2185  -0.6241    0.385
     7   0.5496   2.0852   0.3417   3.4475   0.1638   1.6478   1.6472   0.1500   0.0000  -0.2309  -0.6441    0.390
     8   0.7223   2.0509   0.3776   3.3859   0.1672   1.6466   1.6460   0.1403   0.0000  -0.2366  -0.6492    0.394
     9   0.9142   2.0128   0.4073   3.3372   0.1722   1.6533   1.6527   0.1439   0.0000  -0.2424  -0.6568    0.397
    10   1.1285   1.9703   0.4526   3.2985   0.1715   1.6696   1.6690   0.1432   0.0000  -0.2527  -0.6712    0.401
    11   1.3637   1.9236   0.4694   3.2455   0.1649   1.6834   1.6828   0.1388   0.0000  -0.2580  -0.6797    0.403
    12   1.6118   1.8743   0.4793   3.1581   0.1602   1.6816   1.6809   0.1347   0.0000  -0.2609  -0.6820    0.405
    13   1.8700   1.8230   0.4823   3.0457   0.1581   1.6673   1.6666   0.1344   0.0000  -0.2627  -0.6803    0.408
    14   2.1357   1.7703   0.4789   2.9372   0.1571   1.6562   1.6555   0.1301   0.0000  -0.2641  -0.6788    0.410
    15   2.4057   1.7167   0.4695   2.8205   0.1533   1.6406   1.6399   0.1247   0.0000  -0.2655  -0.6761    0.412
    16   2.6723   1.6637   0.4384   2.7031   0.1480   1.6231   1.6225   0.1170   0.0000  -0.2660  -0.6720    0.414
    17   2.9325   1.6120   0.4201   2.5615   0.1433   1.5872   1.5866   0.1154   0.0000  -0.2645  -0.6616    0.417
    18   3.1884   1.5612   0.3979   2.4325   0.1394   1.5570   1.5564   0.1081   0.0000  -0.2637  -0.6531    0.419
    19   3.4372   1.5118   0.3724   2.2832   0.1363   1.5095   1.5089   0.1024   0.0000  -0.2606  -0.6381    0.423
    20   3.6775   1.4641   0.3480   2.1271   0.1348   1.4520   1.4515   0.0994   0.0000  -0.2562  -0.6192    0.426
    21   3.9066   1.4186   0.3174   1.9642   0.1349   1.3836   1.3831   0.0964   0.0000  -0.2501  -0.5960    0.431
    22   4.1206   1.3761   0.2853   1.7953   0.1361   1.3036   1.3031   0.0915   0.0000  -0.2416  -0.5676    0.435
    23   4.3172   1.3370   0.2522   1.6214   0.1387   1.2118   1.2113   0.0848   0.0000  -0.2308  -0.5339    0.441
    24   4.4942   1.3019   0.2186   1.4381   0.1425   1.1036   1.1032   0.0787   0.0000  -0.2162  -0.4922    0.446
    25   4.6536   1.2702   0.1944   1.2521   0.1511   0.9846   0.9842   0.0721   0.0000  -0.1978  -0.4440    0.451
    26   4.7929   1.2426   0.1585   1.0460   0.1638   0.8400   0.8397   0.0685   0.0000  -0.1731  -0.3834    0.456
    27   4.9062   1.2201   0.1229   0.8307   0.1767   0.6789   0.6787   0.0591   0.0000  -0.1432  -0.3133    0.461
    28   4.9923   1.2030   0.0875   0.6030   0.1891   0.4995   0.4993   0.0467   0.0000  -0.1077  -0.2329    0.466
    29   5.0502   1.1915   0.0524   0.3670   0.2001   0.3067   0.3065   0.0307   0.0000  -0.0672  -0.1442    0.469
    30   5.0794   1.1857   0.0174   0.1238   0.2068   0.1038   0.1038   0.0114   0.0000  -0.0230  -0.0490    0.471

  Surface # 2     main_wing (YDUP)                        
     # Chordwise = 10   # Spanwise = 30     First strip = 31
     Surface area =    8.662745       Ave. chord =    1.689678
     CLsurf  =   0.75897     Clsurf  =   0.15319
     CYsurf  =   0.10696     Cmsurf  =  -0.12700
     CDsurf  =   0.06084     Cnsurf  =   0.00303
     CDisurf =   0.06084     CDvsurf =   0.00000

  Forces referred to Ssurf, Cave about hinge axis thru LE
     CLsurf  =   1.51976     CDsurf  =   0.12063
     Deflect =

 Strip Forces referred to Strip Area, Chord
    j      Yle    Chord     Area     c cl      ai      cl_norm  cl       cd       cdv    cm_c/4    cm_LE  C.P.x/c
    31  -0.0034   2.1937   0.0299   7.4912   0.1657   3.4260   3.4248   0.1248   0.0000  -0.4091   1.2619    0.369
    32  -0.0304   2.1884   0.0891   3.8044   0.1638   1.7328   1.7321   0.1571   0.0000  -0.2240   0.6585    0.379
    33  -0.0840   2.1777   0.1468   3.5182   0.1615   1.6098   1.6092   0.1497   0.0000  -0.2107   0.6145    0.381
    34  -0.1638   2.1619   0.2017   3.4497   0.1604   1.5899   1.5893   0.1494   0.0000  -0.2096   0.6084    0.382
    35  -0.2688   2.1410   0.2531   3.4038   0.1605   1.5849   1.5843   0.1415   0.0000  -0.2118   0.6092    0.384
    36  -0.3979   2.1154   0.3000   3.4321   0.1616   1.6157   1.6151   0.1582   0.0000  -0.2185   0.6241    0.385
    37  -0.5496   2.0852   0.3417   3.4475   0.1638   1.6478   1.6472   0.1500   0.0000  -0.2309   0.6441    0.390
    38  -0.7223   2.0509   0.3776   3.3859   0.1672   1.6466   1.6460   0.1403   0.0000  -0.2366   0.6492    0.394
    39  -0.9142   2.0128   0.4073   3.3372   0.1722   1.6533   1.6527   0.1439   0.0000  -0.2424   0.6568    0.397
    40  -1.1285   1.9703   0.4526   3.2985   0.1715   1.6696   1.6690   0.1432   0.0000  -0.2527   0.6712    0.401
    41  -1.3637   1.9236   0.4694   3.2455   0.1649   1.6834   1.6828   0.1388   0.0000  -0.2580   0.6797    0.403
    42  -1.6118   1.8743   0.4793   3.1581   0.1602   1.6816   1.6809   0.1347   0.0000  -0.2609   0.6820    0.405
    43  -1.8700   1.8230   0.4823   3.0457   0.1581   1.6673   1.6666   0.1344   0.0000  -0.2627   0.6803    0.408
    44  -2.1357   1.7703   0.4789   2.9372   0.1571   1.6562   1.6555   0.1301   0.0000  -0.2641   0.6788    0.410
    45  -2.4057   1.7167   0.4695   2.8205   0.1533   1.6406   1.6399   0.1247   0.0000  -0.2655   0.6761    0.412
    46  -2.6723   1.6637   0.4384   2.7031   0.1480   1.6231   1.6225   0.1170   0.0000  -0.2660   0.6720    0.414
    47  -2.9325   1.6120   0.4201   2.5615   0.1433   1.5872   1.5866   0.1154   0.0000  -0.2645   0.6616    0.417
    48  -3.1884   1.5612   0.3979   2.4325   0.1394   1.5570   1.5564   0.1081   0.0000  -0.2637   0.6530    0.419
    49  -3.4372   1.5118   0.3724   2.2832   0.1363   1.5095   1.5089   0.1024   0.0000  -0.2606   0.6381    0.423
    50  -3.6775   1.4641   0.3480   2.1271   0.1348   1.4520   1.4515   0.0994   0.0000  -0.2562   0.6192    0.426
    51  -3.9066   1.4186   0.3174   1.9642   0.1349   1.3836   1.3831   0.0964   0.0000  -0.2501   0.5960    0.431
    52  -4.1206   1.3761   0.2853   1.7953   0.1361   1.3036   1.3031   0.0915   0.0000  -0.2416   0.5676    0.435
    53  -4.3172   1.3370   0.2522   1.6214   0.1387   1.2118   1.2113   0.0848   0.0000  -0.2308   0.5339    0.441
    54  -4.4942   1.3019   0.2186   1.4381   0.1425   1.1036   1.1032   0.0787   0.0000  -0.2162   0.4922    0.446
    55  -4.6536   1.2702   0.1944   1.2521   0.1511   0.9846   0.9842   0.0721   0.0000  -0.1978   0.4440    0.451
    56  -4.7929   1.2426   0.1585   1.0460   0.1638   0.8400   0.8397   0.0685   0.0000  -0.1731   0.3834    0.456
    57  -4.9062   1.2201   0.1229   0.8307   0.1767   0.6789   0.6787   0.0591   0.0000  -0.1432   0.3133    0.461
    58  -4.9923   1.2030   0.0875   0.6030   0.1891   0.4995   0.4993   0.0467   0.0000  -0.1077   0.2329    0.466
    59  -5.0502   1.1915   0.0524   0.3670   0.2001   0.3067   0.3065   0.0307   0.0000  -0.0672   0.1442    0.469
    60  -5.0794   1.1857   0.0174   0.1238   0.2068   0.1038   0.1038   0.0114   0.0000  -0.0230   0.0490    0.471

  Surface # 3     horizontal_stabilizer                   
     # Chordwise = 10   # Spanwise = 30     First strip = 61
     Surface area =    2.000000       Ave. chord =    1.000000
     CLsurf  =  -0.01277     Clsurf  =   0.00112
     CYsurf  =   0.00027     Cmsurf  =   0.03444
     CDsurf  =  -0.00177     Cnsurf  =  -0.00015
     CDisurf =  -0.00177     CDvsurf =   0.00000

  Forces referred to Ssurf, Cave about hinge axis thru LE
     CLsurf  =  -0.10970     CDsurf  =  -0.01517
     Deflect =

 Strip Forces referred to Strip Area, Chord
    j      Yle    Chord     Area     c cl      ai      cl_norm  cl       cd       cdv    cm_c/4    cm_LE  C.P.x/c
    61   0.0016   1.1973   0.0076  -0.1301   0.1414  -0.1089  -0.1086  -0.0069   0.0000  -0.0032   0.0239    0.221
    62   0.0142   1.1948   0.0226  -0.1301   0.1415  -0.1083  -0.1080  -0.0138   0.0000  -0.0032   0.0239    0.220
    63   0.0394   1.1898   0.0373  -0.1301   0.1415  -0.1087  -0.1084  -0.0143   0.0000  -0.0033   0.0239    0.220
    64   0.0768   1.1824   0.0513  -0.1301   0.1415  -0.1094  -0.1090  -0.0146   0.0000  -0.0034   0.0240    0.219
    65   0.1222   1.1734   0.0549  -0.1301   0.1414  -0.1102  -0.1099  -0.0147   0.0000  -0.0035   0.0241    0.218
    66   0.1738   1.1632   0.0653  -0.1302   0.1413  -0.1113  -0.1109  -0.0149   0.0000  -0.0037   0.0241    0.216
    67   0.2344   1.1513   0.0747  -0.1302   0.1410  -0.1124  -0.1121  -0.0152   0.0000  -0.0039   0.0242    0.215
    68   0.3034   1.1376   0.0830  -0.1305   0.1406  -0.1140  -0.1137  -0.0154   0.0000  -0.0042   0.0243    0.213
    69   0.3800   1.1225   0.0900  -0.1307   0.1401  -0.1157  -0.1154  -0.0157   0.0000  -0.0045   0.0245    0.211
    70   0.4634   1.1060   0.0957  -0.1308   0.1394  -0.1176  -0.1172  -0.0161   0.0000  -0.0048   0.0246    0.209
    71   0.5527   1.0884   0.1000  -0.1308   0.1387  -0.1195  -0.1191  -0.0164   0.0000  -0.0052   0.0247    0.206
    72   0.6469   1.0697   0.1030  -0.1306   0.1379  -0.1213  -0.1209  -0.0167   0.0000  -0.0056   0.0248    0.204
    73   0.7450   1.0504   0.1046  -0.1299   0.1371  -0.1229  -0.1225  -0.0170   0.0000  -0.0060   0.0248    0.201
    74   0.8459   1.0304   0.1050  -0.1287   0.1363  -0.1241  -0.1237  -0.0173   0.0000  -0.0064   0.0247    0.198
    75   0.9484   1.0102   0.1040  -0.1267   0.1355  -0.1246  -0.1243  -0.0174   0.0000  -0.0067   0.0245    0.196
    76   1.0516   0.9898   0.1019  -0.1240   0.1348  -0.1244  -0.1240  -0.0174   0.0000  -0.0071   0.0241    0.193
    77   1.1541   0.9696   0.0987  -0.1203   0.1340  -0.1233  -0.1229  -0.0173   0.0000  -0.0074   0.0235    0.190
    78   1.2550   0.9496   0.0946  -0.1158   0.1333  -0.1211  -0.1207  -0.0170   0.0000  -0.0076   0.0227    0.187
    79   1.3531   0.9303   0.0896  -0.1103   0.1326  -0.1178  -0.1174  -0.0166   0.0000  -0.0078   0.0217    0.184
    80   1.4473   0.9116   0.0838  -0.1039   0.1320  -0.1132  -0.1129  -0.0159   0.0000  -0.0079   0.0205    0.180
    81   1.5366   0.8940   0.0773  -0.0967   0.1314  -0.1074  -0.1071  -0.0151   0.0000  -0.0079   0.0190    0.176
    82   1.6200   0.8775   0.0703  -0.0888   0.1308  -0.1005  -0.1002  -0.0141   0.0000  -0.0079   0.0173    0.172
    83   1.6966   0.8624   0.0629  -0.0802   0.1303  -0.0924  -0.0921  -0.0130   0.0000  -0.0077   0.0155    0.167
    84   1.7656   0.8487   0.0551  -0.0711   0.1298  -0.0832  -0.0829  -0.0117   0.0000  -0.0073   0.0136    0.162
    85   1.8262   0.8368   0.0470  -0.0616   0.1294  -0.0731  -0.0729  -0.0102   0.0000  -0.0068   0.0115    0.157
    86   1.8778   0.8266   0.0387  -0.0517   0.1291  -0.0621  -0.0619  -0.0087   0.0000  -0.0061   0.0095    0.151
    87   1.9232   0.8176   0.0355  -0.0412   0.1288  -0.0500  -0.0499  -0.0070   0.0000  -0.0052   0.0074    0.146
    88   1.9606   0.8102   0.0254  -0.0297   0.1285  -0.0364  -0.0363  -0.0051   0.0000  -0.0039   0.0052    0.141
    89   1.9858   0.8052   0.0153  -0.0179   0.1283  -0.0221  -0.0220  -0.0031   0.0000  -0.0025   0.0031    0.137
    90   1.9984   0.8027   0.0051  -0.0060   0.1282  -0.0074  -0.0074  -0.0011   0.0000  -0.0008   0.0010    0.135

  Surface # 4     horizontal_stabilizer (YDUP)            
     # Chordwise = 10   # Spanwise = 30     First strip = 91
     Surface area =    2.000000       Ave. chord =    1.000000
     CLsurf  =  -0.01277     Clsurf  =  -0.00112
     CYsurf  =  -0.00027     Cmsurf  =   0.03444
     CDsurf  =  -0.00177     Cnsurf  =   0.00015
     CDisurf =  -0.00177     CDvsurf =   0.00000

  Forces referred to Ssurf, Cave about hinge axis thru LE
     CLsurf  =  -0.10970     CDsurf  =  -0.01517
     Deflect =

 Strip Forces referred to Strip Area, Chord
    j      Yle    Chord     Area     c cl      ai      cl_norm  cl       cd       cdv    cm_c/4    cm_LE  C.P.x/c
    91  -0.0016   1.1973   0.0076  -0.1301   0.1414  -0.1089  -0.1086  -0.0069   0.0000  -0.0032  -0.0239    0.221
    92  -0.0142   1.1948   0.0226  -0.1301   0.1415  -0.1083  -0.1080  -0.0138   0.0000  -0.0032  -0.0239    0.220
    93  -0.0394   1.1898   0.0373  -0.1301   0.1415  -0.1087  -0.1084  -0.0143   0.0000  -0.0033  -0.0239    0.220
    94  -0.0768   1.1824   0.0513  -0.1301   0.1415  -0.1094  -0.1090  -0.0146   0.0000  -0.0034  -0.0240    0.219
    95  -0.1222   1.1734   0.0549  -0.1301   0.1414  -0.1102  -0.1099  -0.0147   0.0000  -0.0035  -0.0241    0.218
    96  -0.1738   1.1632   0.0653  -0.1302   0.1413  -0.1113  -0.1109  -0.0149   0.0000  -0.0037  -0.0241    0.216
    97  -0.2344   1.1513   0.0747  -0.1302   0.1410  -0.1124  -0.1121  -0.0152   0.0000  -0.0039  -0.0242    0.215
    98  -0.3034   1.1376   0.0830  -0.1305   0.1406  -0.1140  -0.1137  -0.0154   0.0000  -0.0042  -0.0243    0.213
    99  -0.3800   1.1225   0.0900  -0.1307   0.1401  -0.1157  -0.1154  -0.0157   0.0000  -0.0045  -0.0245    0.211
   100  -0.4634   1.1060   0.0957  -0.1308   0.1394  -0.1176  -0.1172  -0.0161   0.0000  -0.0048  -0.0246    0.209
   101  -0.5527   1.0884   0.1000  -0.1308   0.1387  -0.1195  -0.1191  -0.0164   0.0000  -0.0052  -0.0247    0.206
   102  -0.6469   1.0697   0.1030  -0.1306   0.1379  -0.1213  -0.1209  -0.0167   0.0000  -0.0056  -0.0248    0.204
   103  -0.7450   1.0504   0.1046  -0.1299   0.1371  -0.1229  -0.1225  -0.0170   0.0000  -0.0060  -0.0248    0.201
   104  -0.8459   1.0304   0.1050  -0.1287   0.1363  -0.1241  -0.1237  -0.0173   0.0000  -0.0064  -0.0247    0.198
   105  -0.9484   1.0102   0.1040  -0.1267   0.1355  -0.1246  -0.1242  -0.0174   0.0000  -0.0067  -0.0245    0.196
   106  -1.0516   0.9898   0.1019  -0.1240   0.1348  -0.1244  -0.1240  -0.0174   0.0000  -0.0071  -0.0241    0.193
   107  -1.1541   0.9696   0.0987  -0.1203   0.1340  -0.1233  -0.1229  -0.0173   0.0000  -0.0074  -0.0235    0.190
   108  -1.2550   0.9496   0.0946  -0.1158   0.1333  -0.1211  -0.1207  -0.0170   0.0000  -0.0076  -0.0227    0.187
   109  -1.3531   0.9303   0.0896  -0.1103   0.1326  -0.1178  -0.1174  -0.0166   0.0000  -0.0078  -0.0217    0.184
   110  -1.4473   0.9116   0.0838  -0.1039   0.1320  -0.1132  -0.1129  -0.0159   0.0000  -0.0079  -0.0205    0.180
   111  -1.5366   0.8940   0.0773  -0.0967   0.1314  -0.1074  -0.1071  -0.0151   0.0000  -0.0079  -0.0190    0.176
   112  -1.6200   0.8775   0.0703  -0.0888   0.1308  -0.1005  -0.1002  -0.0141   0.0000  -0.0079  -0.0173    0.172
   113  -1.6966   0.8624   0.0629  -0.0802   0.1303  -0.0924  -0.0921  -0.0130   0.0000  -0.0077  -0.0155    0.167
   114  -1.7656   0.8487   0.0551  -0.0711   0.1298  -0.0832  -0.0829  -0.0117   0.0000  -0.0073  -0.0136    0.162
   115  -1.8262   0.8368   0.0470  -0.0616   0.1294  -0.0731  -0.0729  -0.0102   0.0000  -0.0068  -0.0115    0.157
   116  -1.8778   0.8266   0.0387  -0.0517   0.1291  -0.0621  -0.0619  -0.0087   0.0000  -0.0061  -0.0095    0.151
   117  -1.9232   0.8176   0.0355  -0.0412   0.1288  -0.0500  -0.0499  -0.0070   0.0000  -0.0052  -0.0074    0.146
   118  -1.9606   0.8102   0.0254  -0.0297   0.1285  -0.0364  -0.0363  -0.0051   0.0000  -0.0039  -0.0052    0.141
   119  -1.9858   0.8052   0.0153  -0.0179   0.1283  -0.0221  -0.0220  -0.0031   0.0000  -0.0025  -0.0031    0.137
   120  -1.9984   0.8027   0.0051  -0.0060   0.1282  -0.0074  -0.0074  -0.0011   0.0000  -0.0008  -0.0010    0.135

  Surface # 5     vertical_stabilizer                     
     # Chordwise = 10   # Spanwise = 30     First strip =121
     Surface area =    1.336749       Ave. chord =    0.902233
     CLsurf  =   0.00000     Clsurf  =   0.00000
     CYsurf  =   0.00000     Cmsurf  =  -0.00000
     CDsurf  =  -0.00000     Cnsurf  =  -0.00000
     CDisurf =  -0.00000     CDvsurf =   0.00000

  Forces referred to Ssurf, Cave about hinge axis thru LE
     CLsurf  =  -0.00000     CDsurf  =  -0.00000
     Deflect =

 Strip Forces referred to Strip Area, Chord
    j      Yle    Chord     Area     c cl      ai      cl_norm  cl       cd       cdv    cm_c/4    cm_LE  C.P.x/c
   121   0.0000   1.2152   0.0161  -0.0000  -0.0000  -0.0000  -0.0000   0.0000   0.0000  -0.0000   0.0000    0.086
   122   0.0000   1.2078   0.0261  -0.0000  -0.0000  -0.0000  -0.0000  -0.0000   0.0000  -0.0000   0.0000    0.120
   123   0.0000   1.1968   0.0358  -0.0000  -0.0000  -0.0000  -0.0000   0.0000   0.0000  -0.0000   0.0000    0.119
   124   0.0000   1.1824   0.0448  -0.0000  -0.0000  -0.0000  -0.0000  -0.0000   0.0000  -0.0000   0.0000    0.153
   125   0.0000   1.1646   0.0530  -0.0000  -0.0000  -0.0000  -0.0000  -0.0000   0.0000  -0.0000   0.0000    0.155
   126   0.0000   1.1454   0.0506  -0.0000  -0.0000  -0.0000  -0.0000  -0.0000   0.0000  -0.0000   0.0000    0.137
   127   0.0000   1.1254   0.0560  -0.0000  -0.0000  -0.0000  -0.0000   0.0000   0.0000  -0.0000   0.0000    0.138
   128   0.0000   1.1031   0.0606  -0.0000   0.0000  -0.0000  -0.0000   0.0000   0.0000  -0.0000   0.0000    0.141
   129   0.0000   1.0787   0.0642  -0.0000  -0.0000  -0.0000  -0.0000   0.0000   0.0000  -0.0000   0.0000    0.135
   130   0.0000   1.0525   0.0669  -0.0000  -0.0000  -0.0000  -0.0000   0.0000   0.0000  -0.0000   0.0000    0.152
   131   0.0000   1.0247   0.0685  -0.0000  -0.0000  -0.0000  -0.0000  -0.0000   0.0000  -0.0000   0.0000    0.182
   132   0.0000   0.9956   0.0692  -0.0000   0.0000  -0.0000  -0.0000  -0.0000   0.0000  -0.0000   0.0000    0.150
   133   0.0000   0.9655   0.0690  -0.0000  -0.0000  -0.0000  -0.0000   0.0000   0.0000  -0.0000   0.0000    0.154
   134   0.0000   0.9348   0.0680  -0.0000   0.0000  -0.0000  -0.0000  -0.0000   0.0000  -0.0000   0.0000    0.167
   135   0.0000   0.9037   0.0662  -0.0000  -0.0000  -0.0000  -0.0000  -0.0000   0.0000  -0.0000   0.0000    0.183
   136   0.0000   0.8726   0.0636  -0.0000  -0.0000  -0.0000  -0.0000  -0.0000   0.0000  -0.0000   0.0000    0.151
   137   0.0000   0.8417   0.0605  -0.0000   0.0000  -0.0000  -0.0000  -0.0000   0.0000  -0.0000   0.0000    0.145
   138   0.0000   0.8114   0.0569  -0.0000  -0.0000  -0.0000  -0.0000  -0.0000   0.0000  -0.0000   0.0000    0.148
   139   0.0000   0.7821   0.0529  -0.0000   0.0000  -0.0000  -0.0000  -0.0000   0.0000  -0.0000   0.0000    0.146
   140   0.0000   0.7540   0.0485  -0.0000   0.0000  -0.0000  -0.0000  -0.0000   0.0000  -0.0000   0.0000    0.131
   141   0.0000   0.7274   0.0440  -0.0000   0.0000  -0.0000  -0.0000  -0.0000   0.0000  -0.0000   0.0000    0.131
   142   0.0000   0.7025   0.0393  -0.0000  -0.0000  -0.0000  -0.0000  -0.0000   0.0000  -0.0000   0.0000    0.117
   143   0.0000   0.6798   0.0346  -0.0000   0.0000  -0.0000  -0.0000  -0.0000   0.0000  -0.0000   0.0000    0.123
   144   0.0000   0.6593   0.0298  -0.0000   0.0000  -0.0000  -0.0000  -0.0000   0.0000  -0.0000   0.0000    0.120
   145   0.0000   0.6402   0.0283  -0.0000  -0.0000  -0.0000  -0.0000  -0.0000   0.0000  -0.0000   0.0000    0.108
   146   0.0000   0.6229   0.0230  -0.0000  -0.0000  -0.0000  -0.0000  -0.0000   0.0000  -0.0000   0.0000    0.107
   147   0.0000   0.6088   0.0177  -0.0000  -0.0000  -0.0000  -0.0000  -0.0000   0.0000  -0.0000   0.0000    0.102
   148   0.0000   0.5981   0.0126  -0.0000  -0.0000  -0.0000  -0.0000  -0.0000   0.0000  -0.0000   0.0000    0.092
   149   0.0000   0.5910   0.0075  -0.0000   0.0000  -0.0000  -0.0000  -0.0000   0.0000  -0.0000   0.0000    0.083
   150   0.0000   0.5874   0.0025  -0.0000  -0.0000  -0.0000  -0.0000  -0.0000   0.0000  -0.0000   0.0000    0.085
 ---------------------------------------------------------------
