 ---------------------------------------------------------------
 Surface and Strip Forces by surface

  Forces referred to Sref, Cref, Bref about Xref, Yref, Zref
 Standard axis orientation,  X fwd, Z down         

  Surface # 1     main_wing                               
     # Chordwise = 10   # Spanwise = 30     First strip =  1
     Surface area =    8.662745       Ave. chord =    1.689678
     CLsurf  =   0.29591     Clsurf  =  -0.05955
     CYsurf  =  -0.03754     Cmsurf  =  -0.09828
     CDsurf  =   0.00933     Cnsurf  =   0.00376
     CDisurf =   0.00933     CDvsurf =   0.00000

  Forces referred to Ssurf, Cave about hinge axis thru LE
     CLsurf  =   0.59146     CDsurf  =   0.01851
     Deflect =

 Strip Forces referred to Strip Area, Chord
    j      Yle    Chord     Area     c cl      ai      cl_norm  cl       cd       cdv    cm_c/4    cm_LE  C.P.x/c
     1   0.0034   2.1937   0.0299   1.9290   0.0425   0.8793   0.8793  -0.0500   0.0000  -0.2074  -0.4266    0.486
     2   0.0304   2.1884   0.0891   1.4058   0.0408   0.6424   0.6424   0.0190   0.0000  -0.1576  -0.3177    0.495
     3   0.0840   2.1777   0.1468   1.3655   0.0395   0.6270   0.6270   0.0221   0.0000  -0.1549  -0.3113    0.497
     4   0.1638   2.1619   0.2017   1.3561   0.0394   0.6273   0.6273   0.0230   0.0000  -0.1562  -0.3126    0.499
     5   0.2688   2.1410   0.2531   1.3517   0.0405   0.6313   0.6313   0.0225   0.0000  -0.1592  -0.3166    0.502
     6   0.3979   2.1154   0.3000   1.3578   0.0427   0.6419   0.6419   0.0266   0.0000  -0.1651  -0.3251    0.507
     7   0.5496   2.0852   0.3417   1.3565   0.0461   0.6505   0.6505   0.0274   0.0000  -0.1712  -0.3333    0.513
     8   0.7223   2.0509   0.3776   1.3504   0.0509   0.6584   0.6584   0.0245   0.0000  -0.1780  -0.3422    0.520
     9   0.9142   2.0128   0.4073   1.3456   0.0573   0.6685   0.6685   0.0249   0.0000  -0.1863  -0.3530    0.529
    10   1.1285   1.9703   0.4526   1.3242   0.0588   0.6721   0.6721   0.0258   0.0000  -0.1919  -0.3594    0.535
    11   1.3637   1.9236   0.4694   1.2962   0.0554   0.6739   0.6738   0.0248   0.0000  -0.1957  -0.3637    0.540
    12   1.6118   1.8743   0.4793   1.2552   0.0556   0.6697   0.6697   0.0232   0.0000  -0.1980  -0.3649    0.546
    13   1.8700   1.8230   0.4823   1.2062   0.0610   0.6617   0.6617   0.0226   0.0000  -0.1997  -0.3646    0.552
    14   2.1357   1.7703   0.4789   1.1539   0.0687   0.6518   0.6518   0.0208   0.0000  -0.2009  -0.3634    0.558
    15   2.4057   1.7167   0.4695   1.0981   0.0694   0.6397   0.6397   0.0188   0.0000  -0.2020  -0.3615    0.566
    16   2.6723   1.6637   0.4384   1.0408   0.0648   0.6256   0.6256   0.0165   0.0000  -0.2026  -0.3586    0.574
    17   2.9325   1.6120   0.4201   0.9782   0.0597   0.6068   0.6068   0.0165   0.0000  -0.2024  -0.3536    0.584
    18   3.1884   1.5612   0.3979   0.9203   0.0550   0.5895   0.5895   0.0139   0.0000  -0.2026  -0.3495    0.594
    19   3.4372   1.5118   0.3724   0.8572   0.0511   0.5670   0.5670   0.0126   0.0000  -0.2018  -0.3431    0.606
    20   3.6775   1.4641   0.3480   0.7944   0.0486   0.5426   0.5426   0.0122   0.0000  -0.2005  -0.3357    0.620
    21   3.9066   1.4186   0.3174   0.7317   0.0477   0.5158   0.5158   0.0116   0.0000  -0.1984  -0.3268    0.635
    22   4.1206   1.3761   0.2853   0.6678   0.0479   0.4853   0.4853   0.0111   0.0000  -0.1949  -0.3158    0.652
    23   4.3172   1.3370   0.2522   0.6050   0.0493   0.4525   0.4525   0.0098   0.0000  -0.1899  -0.3026    0.670
    24   4.4942   1.3019   0.2186   0.5404   0.0522   0.4151   0.4151   0.0088   0.0000  -0.1822  -0.2856    0.689
    25   4.6536   1.2702   0.1944   0.4753   0.0600   0.3742   0.3742   0.0091   0.0000  -0.1707  -0.2639    0.706
    26   4.7929   1.2426   0.1585   0.4041   0.0722   0.3252   0.3252   0.0103   0.0000  -0.1537  -0.2347    0.723
    27   4.9062   1.2201   0.1229   0.3271   0.0851   0.2681   0.2681   0.0100   0.0000  -0.1307  -0.1975    0.738
    28   4.9923   1.2030   0.0875   0.2420   0.0979   0.2012   0.2011   0.0091   0.0000  -0.1010  -0.1511    0.752
    29   5.0502   1.1915   0.0524   0.1494   0.1097   0.1254   0.1254   0.0070   0.0000  -0.0644  -0.0956    0.764
    30   5.0794   1.1857   0.0174   0.0507   0.1174   0.0428   0.0428   0.0027   0.0000  -0.0222  -0.0329    0.770

  Surface # 2     main_wing (YDUP)                        
     # Chordwise = 10   # Spanwise = 30     First strip = 31
     Surface area =    8.662745       Ave. chord =    1.689678
     CLsurf  =   0.29591     Clsurf  =   0.05955
     CYsurf  =   0.03754     Cmsurf  =  -0.09828
     CDsurf  =   0.00933     Cnsurf  =  -0.00376
     CDisurf =   0.00933     CDvsurf =   0.00000

  Forces referred to Ssurf, Cave about hinge axis thru LE
     CLsurf  =   0.59146     CDsurf  =   0.01851
     Deflect =

 Strip Forces referred to Strip Area, Chord
    j      Yle    Chord     Area     c cl      ai      cl_norm  cl       cd       cdv    cm_c/4    cm_LE  C.P.x/c
    31  -0.0034   2.1937   0.0299   1.9290   0.0425   0.8793   0.8793  -0.0500   0.0000  -0.2074   0.4266    0.486
    32  -0.0304   2.1884   0.0891   1.4058   0.0408   0.6424   0.6424   0.0190   0.0000  -0.1576   0.3177    0.495
    33  -0.0840   2.1777   0.1468   1.3655   0.0395   0.6270   0.6270   0.0221   0.0000  -0.1549   0.3113    0.497
    34  -0.1638   2.1619   0.2017   1.3561   0.0394   0.6273   0.6273   0.0230   0.0000  -0.1562   0.3126    0.499
    35  -0.2688   2.1410   0.2531   1.3517   0.0405   0.6313   0.6313   0.0225   0.0000  -0.1592   0.3166    0.502
    36  -0.3979   2.1154   0.3000   1.3578   0.0427   0.6419   0.6419   0.0266   0.0000  -0.1651   0.3251    0.507
    37  -0.5496   2.0852   0.3417   1.3565   0.0461   0.6505   0.6505   0.0274   0.0000  -0.1712   0.3333    0.513
    38  -0.7223   2.0509   0.3776   1.3504   0.0509   0.6584   0.6584   0.0245   0.0000  -0.1780   0.3422    0.520
    39  -0.9142   2.0128   0.4073   1.3456   0.0573   0.6685   0.6685   0.0249   0.0000  -0.1863   0.3530    0.529
    40  -1.1285   1.9703   0.4526   1.3242   0.0588   0.6721   0.6721   0.0258   0.0000  -0.1919   0.3594    0.535
    41  -1.3637   1.9236   0.4694   1.2962   0.0554   0.6739   0.6738   0.0248   0.0000  -0.1957   0.3637    0.540
    42  -1.6118   1.8743   0.4793   1.2552   0.0556   0.6697   0.6697   0.0232   0.0000  -0.1980   0.3649    0.546
    43  -1.8700   1.8230   0.4823   1.2062   0.0610   0.6617   0.6617   0.0226   0.0000  -0.1997   0.3646    0.552
    44  -2.1357   1.7703   0.4789   1.1539   0.0687   0.6518   0.6518   0.0208   0.0000  -0.2009   0.3634    0.558
    45  -2.4057   1.7167   0.4695   1.0981   0.0694   0.6397   0.6397   0.0188   0.0000  -0.2020   0.3615    0.566
    46  -2.6723   1.6637   0.4384   1.0408   0.0648   0.6256   0.6256   0.0165   0.0000  -0.2026   0.3586    0.574
    47  -2.9325   1.6120   0.4201   0.9782   0.0597   0.6068   0.6068   0.0165   0.0000  -0.2024   0.3536    0.584
    48  -3.1884   1.5612   0.3979   0.9203   0.0550   0.5895   0.5895   0.0139   0.0000  -0.2026   0.3495    0.594
    49  -3.4372   1.5118   0.3724   0.8572   0.0511   0.5670   0.5670   0.0126   0.0000  -0.2018   0.3431    0.606
    50  -3.6775   1.4641   0.3480   0.7944   0.0486   0.5426   0.5426   0.0122   0.0000  -0.2005   0.3357    0.620
    51  -3.9066   1.4186   0.3174   0.7317   0.0477   0.5158   0.5158   0.0116   0.0000  -0.1984   0.3268    0.635
    52  -4.1206   1.3761   0.2853   0.6678   0.0479   0.4853   0.4853   0.0111   0.0000  -0.1949   0.3158    0.652
    53  -4.3172   1.3370   0.2522   0.6050   0.0493   0.4525   0.4525   0.0098   0.0000  -0.1899   0.3026    0.670
    54  -4.4942   1.3019   0.2186   0.5404   0.0522   0.4151   0.4151   0.0088   0.0000  -0.1822   0.2856    0.689
    55  -4.6536   1.2702   0.1944   0.4753   0.0600   0.3742   0.3742   0.0091   0.0000  -0.1707   0.2639    0.706
    56  -4.7929   1.2426   0.1585   0.4041   0.0722   0.3252   0.3252   0.0103   0.0000  -0.1537   0.2347    0.723
    57  -4.9062   1.2201   0.1229   0.3271   0.0851   0.2681   0.2681   0.0100   0.0000  -0.1307   0.1975    0.738
    58  -4.9923   1.2030   0.0875   0.2420   0.0979   0.2012   0.2011   0.0091   0.0000  -0.1010   0.1511    0.752
    59  -5.0502   1.1915   0.0524   0.1494   0.1097   0.1254   0.1254   0.0070   0.0000  -0.0644   0.0956    0.764
    60  -5.0794   1.1857   0.0174   0.0507   0.1174   0.0428   0.0428   0.0027   0.0000  -0.0222   0.0329    0.770

  Surface # 3     horizontal_stabilizer                   
     # Chordwise = 10   # Spanwise = 30     First strip = 61
     Surface area =    2.000000       Ave. chord =    1.000000
     CLsurf  =  -0.03085     Clsurf  =   0.00261
     CYsurf  =   0.00013     Cmsurf  =   0.08268
     CDsurf  =  -0.00130     Cnsurf  =  -0.00017
     CDisurf =  -0.00130     CDvsurf =   0.00000

  Forces referred to Ssurf, Cave about hinge axis thru LE
     CLsurf  =  -0.26495     CDsurf  =  -0.01114
     Deflect =

 Strip Forces referred to Strip Area, Chord
    j      Yle    Chord     Area     c cl      ai      cl_norm  cl       cd       cdv    cm_c/4    cm_LE  C.P.x/c
    61   0.0016   1.1973   0.0076  -0.3305   0.0230  -0.2769  -0.2760   0.0208   0.0000  -0.0036   0.0651    0.237
    62   0.0142   1.1948   0.0226  -0.3305   0.0232  -0.2774  -0.2766  -0.0074   0.0000  -0.0036   0.0652    0.237
    63   0.0394   1.1898   0.0373  -0.3304   0.0235  -0.2785  -0.2777  -0.0095   0.0000  -0.0038   0.0653    0.236
    64   0.0768   1.1824   0.0513  -0.3302   0.0237  -0.2801  -0.2792  -0.0103   0.0000  -0.0040   0.0654    0.236
    65   0.1222   1.1734   0.0549  -0.3298   0.0239  -0.2820  -0.2811  -0.0106   0.0000  -0.0043   0.0656    0.235
    66   0.1738   1.1632   0.0653  -0.3291   0.0241  -0.2838  -0.2829  -0.0111   0.0000  -0.0046   0.0657    0.234
    67   0.2344   1.1513   0.0747  -0.3275   0.0242  -0.2853  -0.2844  -0.0115   0.0000  -0.0048   0.0659    0.233
    68   0.3034   1.1376   0.0830  -0.3271   0.0243  -0.2884  -0.2875  -0.0117   0.0000  -0.0053   0.0662    0.232
    69   0.3800   1.1225   0.0900  -0.3253   0.0243  -0.2907  -0.2898  -0.0118   0.0000  -0.0056   0.0665    0.231
    70   0.4634   1.1060   0.0957  -0.3229   0.0242  -0.2929  -0.2920  -0.0122   0.0000  -0.0059   0.0667    0.230
    71   0.5527   1.0884   0.1000  -0.3198   0.0241  -0.2948  -0.2939  -0.0124   0.0000  -0.0063   0.0668    0.229
    72   0.6469   1.0697   0.1030  -0.3159   0.0240  -0.2962  -0.2953  -0.0128   0.0000  -0.0067   0.0668    0.227
    73   0.7450   1.0504   0.1046  -0.3109   0.0237  -0.2969  -0.2960  -0.0130   0.0000  -0.0070   0.0666    0.226
    74   0.8459   1.0304   0.1050  -0.3048   0.0234  -0.2967  -0.2958  -0.0132   0.0000  -0.0074   0.0662    0.225
    75   0.9484   1.0102   0.1040  -0.2974   0.0230  -0.2953  -0.2944  -0.0132   0.0000  -0.0078   0.0654    0.223
    76   1.0516   0.9898   0.1019  -0.2886   0.0225  -0.2925  -0.2916  -0.0131   0.0000  -0.0082   0.0643    0.222
    77   1.1541   0.9696   0.0987  -0.2783   0.0218  -0.2879  -0.2870  -0.0129   0.0000  -0.0087   0.0627    0.220
    78   1.2550   0.9496   0.0946  -0.2665   0.0211  -0.2815  -0.2806  -0.0127   0.0000  -0.0092   0.0607    0.217
    79   1.3531   0.9303   0.0896  -0.2531   0.0202  -0.2729  -0.2721  -0.0121   0.0000  -0.0096   0.0581    0.215
    80   1.4473   0.9116   0.0838  -0.2382   0.0192  -0.2621  -0.2613  -0.0116   0.0000  -0.0101   0.0549    0.211
    81   1.5366   0.8940   0.0773  -0.2218   0.0181  -0.2489  -0.2481  -0.0110   0.0000  -0.0105   0.0512    0.208
    82   1.6200   0.8775   0.0703  -0.2039   0.0171  -0.2331  -0.2324  -0.0103   0.0000  -0.0109   0.0469    0.203
    83   1.6966   0.8624   0.0629  -0.1847   0.0160  -0.2149  -0.2142  -0.0092   0.0000  -0.0111   0.0422    0.198
    84   1.7656   0.8487   0.0551  -0.1643   0.0149  -0.1942  -0.1936  -0.0082   0.0000  -0.0111   0.0371    0.193
    85   1.8262   0.8368   0.0470  -0.1428   0.0139  -0.1712  -0.1707  -0.0072   0.0000  -0.0108   0.0317    0.187
    86   1.8778   0.8266   0.0387  -0.1204   0.0129  -0.1461  -0.1457  -0.0060   0.0000  -0.0101   0.0262    0.181
    87   1.9232   0.8176   0.0355  -0.0962   0.0120  -0.1181  -0.1177  -0.0047   0.0000  -0.0089   0.0204    0.174
    88   1.9606   0.8102   0.0254  -0.0696   0.0112  -0.0862  -0.0859  -0.0033   0.0000  -0.0070   0.0144    0.168
    89   1.9858   0.8052   0.0153  -0.0421   0.0106  -0.0524  -0.0523  -0.0019   0.0000  -0.0045   0.0085    0.164
    90   1.9984   0.8027   0.0051  -0.0141   0.0103  -0.0176  -0.0175  -0.0008   0.0000  -0.0016   0.0028    0.161

  Surface # 4     horizontal_stabilizer (YDUP)            
     # Chordwise = 10   # Spanwise = 30     First strip = 91
     Surface area =    2.000000       Ave. chord =    1.000000
     CLsurf  =  -0.03085     Clsurf  =  -0.00261
     CYsurf  =  -0.00013     Cmsurf  =   0.08268
     CDsurf  =  -0.00130     Cnsurf  =   0.00017
     CDisurf =  -0.00130     CDvsurf =   0.00000

  Forces referred to Ssurf, Cave about hinge axis thru LE
     CLsurf  =  -0.26495     CDsurf  =  -0.01114
     Deflect =

 Strip Forces referred to Strip Area, Chord
    j      Yle    Chord     Area     c cl      ai      cl_norm  cl       cd       cdv    cm_c/4    cm_LE  C.P.x/c
    91  -0.0016   1.1973   0.0076  -0.3305   0.0230  -0.2769  -0.2760   0.0208   0.0000  -0.0036  -0.0651    0.237
    92  -0.0142   1.1948   0.0226  -0.3305   0.0232  -0.2774  -0.2766  -0.0074   0.0000  -0.0036  -0.0652    0.237
    93  -0.0394   1.1898   0.0373  -0.3304   0.0235  -0.2785  -0.2777  -0.0095   0.0000  -0.0038  -0.0653    0.236
    94  -0.0768   1.1824   0.0513  -0.3302   0.0237  -0.2801  -0.2792  -0.0103   0.0000  -0.0040  -0.0654    0.236
    95  -0.1222   1.1734   0.0549  -0.3298   0.0239  -0.2820  -0.2811  -0.0106   0.0000  -0.0043  -0.0656    0.235
    96  -0.1738   1.1632   0.0653  -0.3291   0.0241  -0.2838  -0.2829  -0.0111   0.0000  -0.0046  -0.0657    0.234
    97  -0.2344   1.1513   0.0747  -0.3275   0.0242  -0.2853  -0.2844  -0.0115   0.0000  -0.0048  -0.0659    0.233
    98  -0.3034   1.1376   0.0830  -0.3271   0.0243  -0.2884  -0.2875  -0.0117   0.0000  -0.0053  -0.0662    0.232
    99  -0.3800   1.1225   0.0900  -0.3253   0.0243  -0.2907  -0.2898  -0.0118   0.0000  -0.0056  -0.0665    0.231
   100  -0.4634   1.1060   0.0957  -0.3229   0.0242  -0.2929  -0.2920  -0.0122   0.0000  -0.0059  -0.0667    0.230
   101  -0.5527   1.0884   0.1000  -0.3198   0.0241  -0.2948  -0.2939  -0.0124   0.0000  -0.0063  -0.0668    0.229
   102  -0.6469   1.0697   0.1030  -0.3159   0.0240  -0.2962  -0.2953  -0.0128   0.0000  -0.0067  -0.0668    0.227
   103  -0.7450   1.0504   0.1046  -0.3109   0.0237  -0.2969  -0.2960  -0.0130   0.0000  -0.0070  -0.0666    0.226
   104  -0.8459   1.0304   0.1050  -0.3048   0.0234  -0.2967  -0.2958  -0.0132   0.0000  -0.0074  -0.0662    0.225
   105  -0.9484   1.0102   0.1040  -0.2974   0.0230  -0.2953  -0.2944  -0.0132   0.0000  -0.0078  -0.0654    0.223
   106  -1.0516   0.9898   0.1019  -0.2886   0.0225  -0.2925  -0.2916  -0.0131   0.0000  -0.0082  -0.0643    0.222
   107  -1.1541   0.9696   0.0987  -0.2783   0.0218  -0.2879  -0.2870  -0.0129   0.0000  -0.0087  -0.0627    0.220
   108  -1.2550   0.9496   0.0946  -0.2665   0.0211  -0.2815  -0.2806  -0.0127   0.0000  -0.0092  -0.0607    0.217
   109  -1.3531   0.9303   0.0896  -0.2531   0.0202  -0.2729  -0.2721  -0.0121   0.0000  -0.0096  -0.0581    0.215
   110  -1.4473   0.9116   0.0838  -0.2382   0.0192  -0.2621  -0.2613  -0.0116   0.0000  -0.0101  -0.0549    0.211
   111  -1.5366   0.8940   0.0773  -0.2218   0.0181  -0.2489  -0.2481  -0.0110   0.0000  -0.0105  -0.0512    0.208
   112  -1.6200   0.8775   0.0703  -0.2039   0.0171  -0.2331  -0.2324  -0.0103   0.0000  -0.0109  -0.0469    0.203
   113  -1.6966   0.8624   0.0629  -0.1847   0.0160  -0.2149  -0.2142  -0.0092   0.0000  -0.0111  -0.0422    0.198
   114  -1.7656   0.8487   0.0551  -0.1643   0.0149  -0.1942  -0.1936  -0.0082   0.0000  -0.0111  -0.0371    0.193
   115  -1.8262   0.8368   0.0470  -0.1428   0.0139  -0.1712  -0.1707  -0.0072   0.0000  -0.0108  -0.0317    0.187
   116  -1.8778   0.8266   0.0387  -0.1204   0.0129  -0.1461  -0.1457  -0.0060   0.0000  -0.0101  -0.0262    0.181
   117  -1.9232   0.8176   0.0355  -0.0962   0.0120  -0.1181  -0.1177  -0.0047   0.0000  -0.0089  -0.0204    0.174
   118  -1.9606   0.8102   0.0254  -0.0696   0.0112  -0.0862  -0.0859  -0.0033   0.0000  -0.0070  -0.0144    0.168
   119  -1.9858   0.8052   0.0153  -0.0421   0.0106  -0.0524  -0.0523  -0.0019   0.0000  -0.0045  -0.0085    0.164
   120  -1.9984   0.8027   0.0051  -0.0141   0.0103  -0.0176  -0.0175  -0.0008   0.0000  -0.0016  -0.0028    0.161

  Surface # 5     vertical_stabilizer                     
     # Chordwise = 10   # Spanwise = 30     First strip =121
     Surface area =    1.336749       Ave. chord =    0.902233
     CLsurf  =   0.00000     Clsurf  =  -0.00000
     CYsurf  =  -0.00000     Cmsurf  =  -0.00000
     CDsurf  =  -0.00000     Cnsurf  =   0.00000
     CDisurf =  -0.00000     CDvsurf =   0.00000

  Forces referred to Ssurf, Cave about hinge axis thru LE
     CLsurf  =   0.00000     CDsurf  =  -0.00000
     Deflect =

 Strip Forces referred to Strip Area, Chord
    j      Yle    Chord     Area     c cl      ai      cl_norm  cl       cd       cdv    cm_c/4    cm_LE  C.P.x/c
   121   0.0000   1.2152   0.0161   0.0000  -0.0000   0.0000   0.0000   0.0000   0.0000  -0.0000  -0.0000    0.269
   122   0.0000   1.2078   0.0261   0.0000  -0.0000   0.0000   0.0000   0.0000   0.0000  -0.0000  -0.0000    0.256
   123   0.0000   1.1968   0.0358   0.0000  -0.0000   0.0000   0.0000   0.0000   0.0000  -0.0000  -0.0000    0.250
   124   0.0000   1.1824   0.0448   0.0000  -0.0000   0.0000   0.0000   0.0000   0.0000   0.0000  -0.0000    0.244
   125   0.0000   1.1646   0.0530   0.0000  -0.0000   0.0000   0.0000   0.0000   0.0000   0.0000  -0.0000    0.240
   126   0.0000   1.1454   0.0506   0.0000  -0.0000   0.0000   0.0000   0.0000   0.0000   0.0000  -0.0000    0.240
   127   0.0000   1.1254   0.0560   0.0000  -0.0000   0.0000   0.0000  -0.0000   0.0000  -0.0000  -0.0000    0.251
   128   0.0000   1.1031   0.0606   0.0000  -0.0000   0.0000   0.0000  -0.0000   0.0000   0.0000  -0.0000    0.247
   129   0.0000   1.0787   0.0642   0.0000  -0.0000   0.0000   0.0000  -0.0000   0.0000   0.0000  -0.0000    0.234
   130   0.0000   1.0525   0.0669   0.0000  -0.0000   0.0000   0.0000  -0.0000   0.0000   0.0000  -0.0000    0.231
   131   0.0000   1.0247   0.0685   0.0000  -0.0000   0.0000   0.0000  -0.0000   0.0000   0.0000  -0.0000    0.227
   132   0.0000   0.9956   0.0692   0.0000   0.0000   0.0000   0.0000  -0.0000   0.0000   0.0000  -0.0000    0.237
   133   0.0000   0.9655   0.0690   0.0000   0.0000   0.0000   0.0000   0.0000   0.0000   0.0000  -0.0000    0.238
   134   0.0000   0.9348   0.0680   0.0000   0.0000   0.0000   0.0000  -0.0000   0.0000   0.0000  -0.0000    0.233
   135   0.0000   0.9037   0.0662   0.0000  -0.0000   0.0000   0.0000   0.0000   0.0000   0.0000  -0.0000    0.232
   136   0.0000   0.8726   0.0636   0.0000  -0.0000   0.0000   0.0000  -0.0000   0.0000   0.0000  -0.0000    0.230
   137   0.0000   0.8417   0.0605   0.0000   0.0000   0.0000   0.0000  -0.0000   0.0000   0.0000  -0.0000    0.230
   138   0.0000   0.8114   0.0569   0.0000  -0.0000   0.0000   0.0000  -0.0000   0.0000   0.0000  -0.0000    0.244
   139   0.0000   0.7821   0.0529   0.0000  -0.0000   0.0000   0.0000  -0.0000   0.0000  -0.0000  -0.0000    0.251
   140   0.0000   0.7540   0.0485   0.0000  -0.0000   0.0000   0.0000   0.0000   0.0000   0.0000  -0.0000    0.241
   141   0.0000   0.7274   0.0440   0.0000   0.0000   0.0000   0.0000  -0.0000   0.0000  -0.0000  -0.0000    0.255
   142   0.0000   0.7025   0.0393   0.0000   0.0000   0.0000   0.0000  -0.0000   0.0000  -0.0000  -0.0000    0.259
   143   0.0000   0.6798   0.0346   0.0000   0.0000   0.0000   0.0000  -0.0000   0.0000  -0.0000  -0.0000    0.252
   144   0.0000   0.6593   0.0298   0.0000  -0.0000   0.0000   0.0000   0.0000   0.0000  -0.0000  -0.0000    0.255
   145   0.0000   0.6402   0.0283   0.0000   0.0000   0.0000   0.0000  -0.0000   0.0000   0.0000  -0.0000    0.230
   146   0.0000   0.6229   0.0230   0.0000   0.0000   0.0000   0.0000  -0.0000   0.0000   0.0000  -0.0000    0.239
   147   0.0000   0.6088   0.0177   0.0000  -0.0000   0.0000   0.0000  -0.0000   0.0000   0.0000  -0.0000    0.240
   148   0.0000   0.5981   0.0126   0.0000  -0.0000   0.0000   0.0000  -0.0000   0.0000   0.0000  -0.0000    0.233
   149   0.0000   0.5910   0.0075   0.0000  -0.0000   0.0000   0.0000  -0.0000   0.0000   0.0000  -0.0000    0.229
   150   0.0000   0.5874   0.0025   0.0000   0.0000   0.0000   0.0000  -0.0000   0.0000   0.0000  -0.0000    0.211
 ---------------------------------------------------------------
