 ---------------------------------------------------------------
 Surface and Strip Forces by surface

  Forces referred to Sref, Cref, Bref about Xref, Yref, Zref
 Standard axis orientation,  X fwd, Z down         

  Surface # 1     main_wing                               
     # Chordwise =  4   # Spanwise = 20     First strip =  1
     Surface area =    8.662523       Ave. chord =    1.689634
     CLsurf  =   0.32474     Clsurf  =  -0.06593
     CYsurf  =  -0.04282     Cmsurf  =  -0.01523
     CDsurf  =   0.01084     Cnsurf  =   0.00021
     CDisurf =   0.01084     CDvsurf =   0.00000

  Forces referred to Ssurf, Cave about hinge axis thru LE
     CLsurf  =   0.64952     CDsurf  =   0.02150
     Deflect =

 Strip Forces referred to Strip Area, Chord
    j      Yle    Chord     Area     c cl      ai      cl_norm  cl       cd       cdv    cm_c/4    cm_LE  C.P.x/c
     1   0.0076   2.1929   0.0672   1.8976   0.0599   0.8660   0.8659  -0.0019   0.0000  -0.1418  -0.3577    0.414
     2   0.0681   2.1809   0.1987   1.5021   0.0591   0.6883   0.6882   0.0268   0.0000  -0.1156  -0.2875    0.418
     3   0.1877   2.1571   0.3222   1.4725   0.0590   0.6821   0.6820   0.0282   0.0000  -0.1161  -0.2864    0.420
     4   0.3634   2.1222   0.4328   1.4656   0.0613   0.6901   0.6900   0.0293   0.0000  -0.1205  -0.2929    0.425
     5   0.5909   2.0770   0.5265   1.4584   0.0661   0.7018   0.7017   0.0242   0.0000  -0.1277  -0.3029    0.432
     6   0.8645   2.0227   0.6004   1.4505   0.0735   0.7167   0.7167   0.0255   0.0000  -0.1373  -0.3162    0.442
     7   1.1860   1.9589   0.6858   1.4271   0.0740   0.7281   0.7280   0.0277   0.0000  -0.1450  -0.3267    0.449
     8   1.5487   1.8868   0.7158   1.3738   0.0678   0.7277   0.7276   0.0259   0.0000  -0.1483  -0.3300    0.454
     9   1.9359   1.8100   0.7226   1.3017   0.0676   0.7188   0.7188   0.0244   0.0000  -0.1498  -0.3292    0.458
    10   2.3380   1.7301   0.7082   1.2185   0.0675   0.7040   0.7039   0.0224   0.0000  -0.1507  -0.3264    0.464
    11   2.7172   1.6548   0.5847   1.1353   0.0622   0.6858   0.6858   0.0197   0.0000  -0.1511  -0.3222    0.470
    12   3.0642   1.5859   0.5465   1.0505   0.0578   0.6623   0.6622   0.0182   0.0000  -0.1507  -0.3160    0.478
    13   3.3984   1.5195   0.4975   0.9630   0.0545   0.6336   0.6335   0.0174   0.0000  -0.1499  -0.3080    0.487
    14   3.7543   1.4488   0.5599   0.8678   0.0534   0.5988   0.5988   0.0160   0.0000  -0.1486  -0.2980    0.498
    15   4.1178   1.3766   0.4744   0.7613   0.0553   0.5529   0.5528   0.0143   0.0000  -0.1459  -0.2839    0.514
    16   4.4355   1.3135   0.3866   0.6466   0.0610   0.4921   0.4920   0.0144   0.0000  -0.1397  -0.2625    0.534
    17   4.6908   1.2629   0.2779   0.5299   0.0760   0.4194   0.4194   0.0152   0.0000  -0.1274  -0.2320    0.554
    18   4.8804   1.2252   0.1975   0.4036   0.0985   0.3291   0.3291   0.0148   0.0000  -0.1061  -0.1883    0.573
    19   5.0095   1.1996   0.1180   0.2556   0.1202   0.2128   0.2128   0.0114   0.0000  -0.0723  -0.1254    0.590
    20   5.0748   1.1866   0.0392   0.0878   0.1333   0.0739   0.0739   0.0048   0.0000  -0.0259  -0.0443    0.600

  Surface # 2     main_wing (YDUP)                        
     # Chordwise =  4   # Spanwise = 20     First strip = 21
     Surface area =    8.662523       Ave. chord =    1.689634
     CLsurf  =   0.32474     Clsurf  =   0.06593
     CYsurf  =   0.04282     Cmsurf  =  -0.01523
     CDsurf  =   0.01084     Cnsurf  =  -0.00021
     CDisurf =   0.01084     CDvsurf =   0.00000

  Forces referred to Ssurf, Cave about hinge axis thru LE
     CLsurf  =   0.64952     CDsurf  =   0.02150
     Deflect =

 Strip Forces referred to Strip Area, Chord
    j      Yle    Chord     Area     c cl      ai      cl_norm  cl       cd       cdv    cm_c/4    cm_LE  C.P.x/c
    21  -0.0076   2.1929   0.0672   1.8976   0.0599   0.8660   0.8659  -0.0019   0.0000  -0.1418   0.3577    0.414
    22  -0.0681   2.1809   0.1987   1.5021   0.0591   0.6883   0.6882   0.0268   0.0000  -0.1156   0.2875    0.418
    23  -0.1877   2.1571   0.3222   1.4725   0.0590   0.6821   0.6820   0.0282   0.0000  -0.1161   0.2864    0.420
    24  -0.3634   2.1222   0.4328   1.4656   0.0613   0.6901   0.6900   0.0293   0.0000  -0.1205   0.2929    0.425
    25  -0.5909   2.0770   0.5265   1.4584   0.0661   0.7018   0.7017   0.0242   0.0000  -0.1277   0.3029    0.432
    26  -0.8645   2.0227   0.6004   1.4505   0.0735   0.7167   0.7167   0.0255   0.0000  -0.1373   0.3162    0.442
    27  -1.1860   1.9589   0.6858   1.4271   0.0740   0.7281   0.7280   0.0277   0.0000  -0.1450   0.3267    0.449
    28  -1.5487   1.8868   0.7158   1.3738   0.0678   0.7277   0.7276   0.0259   0.0000  -0.1483   0.3300    0.454
    29  -1.9359   1.8100   0.7226   1.3017   0.0676   0.7188   0.7188   0.0244   0.0000  -0.1498   0.3292    0.458
    30  -2.3380   1.7301   0.7082   1.2185   0.0675   0.7040   0.7039   0.0224   0.0000  -0.1507   0.3264    0.464
    31  -2.7172   1.6548   0.5847   1.1353   0.0622   0.6858   0.6858   0.0197   0.0000  -0.1511   0.3222    0.470
    32  -3.0642   1.5859   0.5465   1.0505   0.0578   0.6623   0.6622   0.0182   0.0000  -0.1507   0.3160    0.478
    33  -3.3984   1.5195   0.4975   0.9630   0.0545   0.6336   0.6335   0.0174   0.0000  -0.1499   0.3080    0.487
    34  -3.7543   1.4488   0.5599   0.8678   0.0534   0.5988   0.5988   0.0160   0.0000  -0.1486   0.2980    0.498
    35  -4.1178   1.3766   0.4744   0.7613   0.0553   0.5529   0.5528   0.0143   0.0000  -0.1459   0.2839    0.514
    36  -4.4355   1.3135   0.3866   0.6466   0.0610   0.4921   0.4920   0.0144   0.0000  -0.1397   0.2625    0.534
    37  -4.6908   1.2629   0.2779   0.5299   0.0760   0.4194   0.4194   0.0152   0.0000  -0.1274   0.2320    0.554
    38  -4.8804   1.2252   0.1975   0.4036   0.0985   0.3291   0.3291   0.0148   0.0000  -0.1061   0.1883    0.573
    39  -5.0095   1.1996   0.1180   0.2556   0.1202   0.2128   0.2128   0.0114   0.0000  -0.0723   0.1254    0.590
    40  -5.0748   1.1866   0.0392   0.0878   0.1333   0.0739   0.0739   0.0048   0.0000  -0.0259   0.0443    0.600

  Surface # 3     horizontal_stabilizer                   
     # Chordwise =  4   # Spanwise = 20     First strip = 41
     Surface area =    2.000000       Ave. chord =    1.000000
     CLsurf  =  -0.01484     Clsurf  =   0.00127
     CYsurf  =   0.00011     Cmsurf  =   0.03724
     CDsurf  =  -0.00090     Cnsurf  =  -0.00009
     CDisurf =  -0.00090     CDvsurf =   0.00000

  Forces referred to Ssurf, Cave about hinge axis thru LE
     CLsurf  =  -0.12750     CDsurf  =  -0.00774
     Deflect =

 Strip Forces referred to Strip Area, Chord
    j      Yle    Chord     Area     c cl      ai      cl_norm  cl       cd       cdv    cm_c/4    cm_LE  C.P.x/c
    41   0.0028   1.1970   0.0135  -0.1555   0.0499  -0.1304  -0.1300  -0.0006   0.0000  -0.0019   0.0305    0.236
    42   0.0254   1.1926   0.0401  -0.1555   0.0501  -0.1307  -0.1302  -0.0070   0.0000  -0.0019   0.0305    0.235
    43   0.0698   1.1838   0.0652  -0.1554   0.0502  -0.1316  -0.1311  -0.0076   0.0000  -0.0020   0.0307    0.235
    44   0.1388   1.1701   0.0969  -0.1553   0.0503  -0.1329  -0.1325  -0.0078   0.0000  -0.0021   0.0309    0.234
    45   0.2319   1.1517   0.1186  -0.1549   0.0504  -0.1347  -0.1343  -0.0080   0.0000  -0.0023   0.0311    0.233
    46   0.3440   1.1296   0.1361  -0.1543   0.0503  -0.1368  -0.1364  -0.0082   0.0000  -0.0025   0.0314    0.231
    47   0.4722   1.1043   0.1492  -0.1532   0.0501  -0.1390  -0.1385  -0.0084   0.0000  -0.0027   0.0318    0.230
    48   0.6135   1.0764   0.1576  -0.1514   0.0498  -0.1409  -0.1405  -0.0087   0.0000  -0.0029   0.0321    0.229
    49   0.7642   1.0466   0.1613  -0.1487   0.0494  -0.1423  -0.1418  -0.0088   0.0000  -0.0031   0.0322    0.228
    50   0.9207   1.0157   0.1605  -0.1446   0.0488  -0.1426  -0.1421  -0.0089   0.0000  -0.0034   0.0320    0.226
    51   1.0793   0.9843   0.1555  -0.1388   0.0482  -0.1413  -0.1408  -0.0088   0.0000  -0.0036   0.0315    0.224
    52   1.2358   0.9534   0.1469  -0.1312   0.0473  -0.1378  -0.1374  -0.0086   0.0000  -0.0039   0.0304    0.222
    53   1.3865   0.9236   0.1353  -0.1216   0.0462  -0.1319  -0.1314  -0.0082   0.0000  -0.0042   0.0286    0.218
    54   1.5278   0.8957   0.1211  -0.1100   0.0449  -0.1231  -0.1227  -0.0076   0.0000  -0.0045   0.0261    0.214
    55   1.6560   0.8704   0.1049  -0.0966   0.0435  -0.1112  -0.1108  -0.0068   0.0000  -0.0048   0.0228    0.207
    56   1.7681   0.8483   0.0873  -0.0814   0.0421  -0.0961  -0.0958  -0.0058   0.0000  -0.0049   0.0189    0.198
    57   1.8612   0.8299   0.0687  -0.0645   0.0408  -0.0778  -0.0776  -0.0046   0.0000  -0.0048   0.0146    0.188
    58   1.9302   0.8162   0.0450  -0.0465   0.0398  -0.0571  -0.0569  -0.0033   0.0000  -0.0041   0.0101    0.179
    59   1.9746   0.8074   0.0271  -0.0282   0.0391  -0.0350  -0.0349  -0.0020   0.0000  -0.0028   0.0060    0.171
    60   1.9972   0.8030   0.0091  -0.0095   0.0387  -0.0118  -0.0118  -0.0007   0.0000  -0.0010   0.0020    0.167

  Surface # 4     horizontal_stabilizer (YDUP)            
     # Chordwise =  4   # Spanwise = 20     First strip = 61
     Surface area =    2.000000       Ave. chord =    1.000000
     CLsurf  =  -0.01484     Clsurf  =  -0.00127
     CYsurf  =  -0.00011     Cmsurf  =   0.03724
     CDsurf  =  -0.00090     Cnsurf  =   0.00009
     CDisurf =  -0.00090     CDvsurf =   0.00000

  Forces referred to Ssurf, Cave about hinge axis thru LE
     CLsurf  =  -0.12750     CDsurf  =  -0.00774
     Deflect =

 Strip Forces referred to Strip Area, Chord
    j      Yle    Chord     Area     c cl      ai      cl_norm  cl       cd       cdv    cm_c/4    cm_LE  C.P.x/c
    61  -0.0028   1.1970   0.0135  -0.1555   0.0499  -0.1304  -0.1300  -0.0006   0.0000  -0.0019  -0.0305    0.236
    62  -0.0254   1.1926   0.0401  -0.1555   0.0501  -0.1307  -0.1302  -0.0070   0.0000  -0.0019  -0.0305    0.235
    63  -0.0698   1.1838   0.0652  -0.1554   0.0502  -0.1316  -0.1311  -0.0076   0.0000  -0.0020  -0.0307    0.235
    64  -0.1388   1.1701   0.0969  -0.1553   0.0503  -0.1329  -0.1325  -0.0078   0.0000  -0.0021  -0.0309    0.234
    65  -0.2319   1.1517   0.1186  -0.1549   0.0504  -0.1347  -0.1343  -0.0080   0.0000  -0.0023  -0.0311    0.233
    66  -0.3440   1.1296   0.1361  -0.1543   0.0503  -0.1368  -0.1364  -0.0082   0.0000  -0.0025  -0.0314    0.231
    67  -0.4722   1.1043   0.1492  -0.1532   0.0501  -0.1390  -0.1385  -0.0084   0.0000  -0.0027  -0.0318    0.230
    68  -0.6135   1.0764   0.1576  -0.1514   0.0498  -0.1409  -0.1405  -0.0087   0.0000  -0.0029  -0.0321    0.229
    69  -0.7642   1.0466   0.1613  -0.1487   0.0494  -0.1423  -0.1418  -0.0088   0.0000  -0.0031  -0.0322    0.228
    70  -0.9207   1.0157   0.1605  -0.1446   0.0488  -0.1426  -0.1421  -0.0089   0.0000  -0.0034  -0.0320    0.226
    71  -1.0793   0.9843   0.1555  -0.1388   0.0482  -0.1413  -0.1408  -0.0088   0.0000  -0.0036  -0.0315    0.224
    72  -1.2358   0.9534   0.1469  -0.1312   0.0473  -0.1378  -0.1374  -0.0086   0.0000  -0.0039  -0.0304    0.222
    73  -1.3865   0.9236   0.1353  -0.1216   0.0462  -0.1319  -0.1314  -0.0082   0.0000  -0.0042  -0.0286    0.218
    74  -1.5278   0.8957   0.1211  -0.1100   0.0449  -0.1231  -0.1227  -0.0076   0.0000  -0.0045  -0.0261    0.214
    75  -1.6560   0.8704   0.1049  -0.0966   0.0435  -0.1112  -0.1108  -0.0068   0.0000  -0.0048  -0.0228    0.207
    76  -1.7681   0.8483   0.0873  -0.0814   0.0421  -0.0961  -0.0958  -0.0058   0.0000  -0.0049  -0.0189    0.198
    77  -1.8612   0.8299   0.0687  -0.0645   0.0408  -0.0778  -0.0776  -0.0046   0.0000  -0.0048  -0.0146    0.188
    78  -1.9302   0.8162   0.0450  -0.0465   0.0398  -0.0571  -0.0569  -0.0033   0.0000  -0.0041  -0.0101    0.179
    79  -1.9746   0.8074   0.0271  -0.0282   0.0391  -0.0350  -0.0349  -0.0020   0.0000  -0.0028  -0.0060    0.171
    80  -1.9972   0.8030   0.0091  -0.0095   0.0387  -0.0118  -0.0118  -0.0007   0.0000  -0.0010  -0.0020    0.167

  Surface # 5     vertical_stabilizer                     
     # Chordwise =  4   # Spanwise = 20     First strip = 81
     Surface area =    1.336680       Ave. chord =    0.902187
     CLsurf  =   0.00000     Clsurf  =   0.00000
     CYsurf  =   0.00000     Cmsurf  =  -0.00000
     CDsurf  =  -0.00000     Cnsurf  =  -0.00000
     CDisurf =  -0.00000     CDvsurf =   0.00000

  Forces referred to Ssurf, Cave about hinge axis thru LE
     CLsurf  =  -0.00000     CDsurf  =  -0.00000
     Deflect =

 Strip Forces referred to Strip Area, Chord
    j      Yle    Chord     Area     c cl      ai      cl_norm  cl       cd       cdv    cm_c/4    cm_LE  C.P.x/c
    81   0.0000   1.2147   0.0206  -0.0000   0.0000  -0.0000  -0.0000   0.0000   0.0000  -0.0000   0.0000    0.174
    82   0.0000   1.2045   0.0371  -0.0000   0.0000  -0.0000  -0.0000  -0.0000   0.0000  -0.0000   0.0000    0.202
    83   0.0000   1.1886   0.0523  -0.0000   0.0000  -0.0000  -0.0000  -0.0000   0.0000  -0.0000   0.0000    0.225
    84   0.0000   1.1671   0.0658  -0.0000  -0.0000  -0.0000  -0.0000  -0.0000   0.0000  -0.0000   0.0000    0.218
    85   0.0000   1.1382   0.0906  -0.0000   0.0000  -0.0000  -0.0000   0.0000   0.0000  -0.0000   0.0000    0.186
    86   0.0000   1.1018   0.1003  -0.0000  -0.0000  -0.0000  -0.0000  -0.0000   0.0000  -0.0000   0.0000    0.140
    87   0.0000   1.0610   0.1064  -0.0000   0.0000  -0.0000  -0.0000   0.0000   0.0000  -0.0000   0.0000    0.118
    88   0.0000   1.0166   0.1091  -0.0000   0.0000  -0.0000  -0.0000  -0.0000   0.0000  -0.0000   0.0000    0.165
    89   0.0000   0.9698   0.1086  -0.0000  -0.0000  -0.0000  -0.0000  -0.0000   0.0000  -0.0000   0.0000    0.184
    90   0.0000   0.9216   0.1050  -0.0000  -0.0000  -0.0000  -0.0000  -0.0000   0.0000  -0.0000   0.0000    0.224
    91   0.0000   0.8731   0.0989  -0.0000  -0.0000  -0.0000  -0.0000   0.0000   0.0000  -0.0000   0.0000    0.173
    92   0.0000   0.8255   0.0908  -0.0000  -0.0000  -0.0000  -0.0000  -0.0000   0.0000  -0.0000   0.0000    0.217
    93   0.0000   0.7798   0.0812  -0.0000  -0.0000  -0.0000  -0.0000  -0.0000   0.0000  -0.0000   0.0000    0.213
    94   0.0000   0.7371   0.0706  -0.0000   0.0000  -0.0000  -0.0000  -0.0000   0.0000  -0.0000   0.0000    0.178
    95   0.0000   0.6985   0.0595  -0.0000  -0.0000  -0.0000  -0.0000  -0.0000   0.0000  -0.0000   0.0000    0.249
    96   0.0000   0.6647   0.0483  -0.0000  -0.0000  -0.0000  -0.0000  -0.0000   0.0000  -0.0000   0.0000    0.245
    97   0.0000   0.6356   0.0405  -0.0000  -0.0000  -0.0000  -0.0000  -0.0000   0.0000  -0.0000   0.0000    0.243
    98   0.0000   0.6120   0.0285  -0.0000  -0.0000  -0.0000  -0.0000   0.0000   0.0000  -0.0000   0.0000    0.219
    99   0.0000   0.5960   0.0169  -0.0000   0.0000  -0.0000  -0.0000  -0.0000   0.0000  -0.0000   0.0000    0.225
   100   0.0000   0.5879   0.0056  -0.0000  -0.0000  -0.0000  -0.0000  -0.0000   0.0000   0.0000   0.0000    0.260
 ---------------------------------------------------------------
